// 荤捞靛:阁胶磐狼 加己                    // 裹困:傍拜 加己
1,10	// 肪1 加己抛捞喉
//公加 荐加 瘤加 拳加 浅加 刀加 己加  鞠加 皑(沥脚,积阿) 阂荤
  100, 100, 100, 100, 100, 100, 100, 100,  25, 100,  // 公加己
  100,  25, 100, 150,  50, 100,  75, 100, 100, 100,  // 荐加己
  100, 100, 100,  50, 150, 100,  75, 100, 100, 100,  // 瘤加己
  100,  50, 150,  25, 100, 100,  75, 100, 100, 125,  // 拳加己
  100, 175,  50, 100,  25, 100,  75, 100, 100, 100,  // 浅加己
  100, 100, 125, 125, 125,   0,  75,  50, 100, -25,  // 刀加己
  100, 100, 100, 100, 100, 100,   0, 125, 100, 150,  // 己加己
  100, 100, 100, 100, 100,  50, 125,   0, 100, -25,  // 鞠加己
   25, 100, 100, 100, 100, 100,  75,  75, 125, 100,  // 皑(沥脚,积阿)
  100, 100, 100, 100, 100,  50, 100,   0, 100,   0,  // 阂荤
// 荤捞靛:阁胶磐狼 加己			裹困:傍拜 加己
2,10	// 肪2 加己抛捞喉
//公加 荐加 瘤加 拳加 浅加 刀加 己加  鞠加 皑(沥脚,积阿) 阂荤
  100, 100, 100, 100, 100, 100, 100, 100,  25, 100,  // 公加己
  100,   0, 100, 175,  25, 100,  50,  75, 100, 100,  // 荐加己
  100, 100,  50,  25, 175, 100,  50,  75, 100, 100,  // 瘤加己
  100,  25, 175,   0, 100, 100,  50,  75, 100, 150,  // 拳加己
  100, 175,  25, 100,   0, 100,  50,  75, 100, 100,  // 浅加己
  100,  75, 125, 125, 125,   0,  50,  25,  75, -50,  // 刀加己
  100, 100, 100, 100, 100, 100, -25, 150, 100, 175,  // 己加己
  100, 100, 100, 100, 100,  25, 150, -25, 100, -50,  // 鞠加己
    0,  75,  75,  75,  75,  75,  50,  50, 150, 125,  // 皑(沥脚,积阿)
  100,  75,  75,  75,  75,  25, 125,   0, 100,   0,  // 阂荤
// 荤捞靛:阁胶磐狼 加己			裹困:傍拜 加己
3,10	// 肪3 加己抛捞喉
//公加 荐加 瘤加 拳加 浅加 刀加 己加  鞠加 皑(沥脚,积阿) 阂荤
  100, 100, 100, 100, 100, 100, 100, 100,   0, 100,  // 公加己
  100, -25, 100, 200,   0, 100,  25,  50, 100, 125,  // 荐加己
  100, 100,   0,   0, 200, 100,  25,  50, 100,  75,  // 瘤加己
  100,   0, 200, -25, 100, 100,  25,  50, 100, 175,  // 拳加己
  100, 200,   0, 100, -25, 100,  25,  50, 100, 100,  // 浅加己
  100,  50, 100, 100, 100,   0,  25,   0,  50, -75,  // 刀加己
  100, 100, 100, 100, 100, 125, -50, 175, 100, 200,  // 己加己
  100, 100, 100, 100, 100,   0, 175, -50, 100, -75,  // 鞠加己
    0,  50,  50,  50,  50,  50,  25,  25, 175, 150,  // 皑(沥脚,积阿)
  100,  50,  50,  50,  50,   0, 150,   0, 100,   0,  // 阂荤
// 荤捞靛:阁胶磐狼 加己			 裹困:傍拜 加己
4,10	// 肪4 加己抛捞喉
//公加 荐加 瘤加 拳加 浅加 刀加 己加  鞠加 皑(沥脚,积阿) 阂荤
  100, 100, 100, 100, 100, 100, 100, 100,   0, 100,  // 公加己
  100, -50, 100, 200,   0,  75,   0,  25, 100, 150,  // 荐加己
  100, 100, -25,   0, 200,  75,   0,  25, 100,  50,  // 瘤加己
  100,   0, 200, -50, 100,  75,   0,  25, 100, 200,  // 拳加己
  100, 200,   0, 100, -50,  75,   0,  25, 100, 100,  // 浅加己
  100,  25,  75,  75,  75,   0,   0, -25,  25,-100,  // 刀加己
  100,  75,  75,  75,  75, 125,-100, 200, 100, 200,  // 己加己
  100,  75,  75,  75,  75, -25, 200,-100, 100,-100,  // 鞠加己
    0,  25,  25,  25,  25,  25,   0,   0, 200, 175,  // 皑(沥脚,积阿)
  100,  25,  25,  25,  25, -25, 175,   0, 100,   0,  // 阂荤
