//호문ID,스킬ID,최대레벨,선행스킬ID-1,선행스킬레벨-1,선행스킬ID-2,선행스킬레벨-2,선행스킬ID-3,선행스킬레벨-3,선행스킬ID-4,선행스킬레벨-4,선행스킬ID-5,선행스킬레벨-5//CLASS_SKILLNAME#스킬 이름#
//리프(Lif)
6001,8001,5,0,0,0,0,0,0,0,0,0,0 //HLIF_HEAL	#치유의_손길(힐)#
6001,8002,5,8001,3,0,0,0,0,0,0,0,0 //HLIF_AVOID	#긴급회피#
6001,8003,5,8001,5,0,0,0,0,0,0,0,0 //HLIF_BRAIN	#뇌수술#
//아미스트르(Amistr)
6002,8005,5,0,0,0,0,0,0,0,0,0,0 //HAMI_CASTLE	#캐슬링#
6002,8006,5,8005,5,0,0,0,0,0,0,0,0 //HAMI_DEFENCE	#디펜스#
6002,8007,5,8006,3,0,0,0,0,0,0,0,0 //HAMI_SKIN	#아다만티움_스킨#
//필리르(Filir)
6003,8009,5,0,0,0,0,0,0,0,0,0,0 //HFLI_MOON	#문라이트#
6003,8010,5,8009,3,0,0,0,0,0,0,0,0 //HFLI_FLEET	#플릿_무브#
6003,8011,5,8010,3,0,0,0,0,0,0,0,0 //HFLI_SPEED	#오버드_스피드#
//바닐미르스(Vanilmirth)
6004,8013,5,0,0,0,0,0,0,0,0,0,0 //HVAN_CAPRICE,	#카프리스#
6004,8014,5,8013,3,0,0,0,0,0,0,0,0 //HVAN_CHAOTIC	#카오틱_베네딕션#
6004,8015,5,8013,5,0,0,0,0,0,0,0,0 //HVAN_INSTRUCT	#체인지_인스트럭션#
//리프2(Lif2)
6005,8001,5,0,0,0,0,0,0,0,0,0,0 //HLIF_HEAL	#치유의_손길(힐)#
6005,8002,5,8001,3,0,0,0,0,0,0,0,0 //HLIF_AVOID	#긴급회피#
6005,8003,5,8001,5,0,0,0,0,0,0,0,0 //HLIF_BRAIN	#뇌수술#
//아미스트르2(Amistr2)
6006,8005,5,0,0,0,0,0,0,0,0,0,0 //HAMI_CASTLE	#캐슬링#
6006,8006,5,8005,5,0,0,0,0,0,0,0,0 //HAMI_DEFENCE	#디펜스#
6006,8007,5,8006,3,0,0,0,0,0,0,0,0 //HAMI_SKIN	#아다만티움_스킨#
//필리르2(Filir2)
6007,8009,5,0,0,0,0,0,0,0,0,0,0 //HFLI_MOON	#문라이트#
6007,8010,5,8009,3,0,0,0,0,0,0,0,0 //HFLI_FLEET	#플릿_무브#
6007,8011,5,8010,3,0,0,0,0,0,0,0,0 //HFLI_SPEED	#오버드_스피드#
//바닐미르스2(Vanilmirth2)
6008,8013,5,0,0,0,0,0,0,0,0,0,0 //HVAN_CAPRICE,	#카프리스#
6008,8014,5,8013,3,0,0,0,0,0,0,0,0 //HVAN_CHAOTIC	#카오틱_베네딕션#
6008,8015,5,8013,5,0,0,0,0,0,0,0,0 //HVAN_INSTRUCT	#체인지_인스트럭션#
//리프(Lif) 진화형
6009,8001,5,0,0,0,0,0,0,0,0,0,0 //HLIF_HEAL	#치유의_손길(힐)#
6009,8002,5,8001,3,0,0,0,0,0,0,0,0 //HLIF_AVOID	#긴급회피#
6009,8003,5,8001,5,0,0,0,0,0,0,0,0 //HLIF_BRAIN	#뇌수술#
6009,8004,3,0,0,0,0,0,0,0,0,0,0 //HLIF_CHANGE	#멘탈_체인지#
//아미스트르(Amistr) 진화형
6010,8005,5,0,0,0,0,0,0,0,0,0,0 //HAMI_CASTLE	#캐슬링#
6010,8006,5,8005,5,0,0,0,0,0,0,0,0 //HAMI_DEFENCE	#디펜스#
6010,8007,5,8006,3,0,0,0,0,0,0,0,0 //HAMI_SKIN	#아다만티움_스킨#
6010,8008,3,0,0,0,0,0,0,0,0,0,0 //HAMI_BLOODLUST	#블러드_러스트#
//필리르(Filir) 진화형
6011,8009,5,0,0,0,0,0,0,0,0,0,0 //HFLI_MOON	#문라이트#
6011,8010,5,8009,3,0,0,0,0,0,0,0,0 //HFLI_FLEET	#플릿_무브#
6011,8011,5,8010,3,0,0,0,0,0,0,0,0 //HFLI_SPEED	#오버드_스피드#
6011,8012,3,0,0,0,0,0,0,0,0,0,0 //HFLI_SBR44	#S.B.R.44#
//바닐미르스(Vanilmirth) 진화형
6012,8013,5,0,0,0,0,0,0,0,0,0,0 //HVAN_CAPRICE,	#카프리스#
6012,8014,5,8013,3,0,0,0,0,0,0,0,0 //HVAN_CHAOTIC	#카오틱_베네딕션#
6012,8015,5,8013,5,0,0,0,0,0,0,0,0 //HVAN_INSTRUCT	#체인지_인스트럭션#
6012,8016,3,0,0,0,0,0,0,0,0,0,0 //HVAN_EXPLOSION	#바이오_익스플로젼#
//리프2(Lif2) 진화형
6013,8001,5,0,0,0,0,0,0,0,0,0,0 //HLIF_HEAL	#치유의_손길(힐)#
6013,8002,5,8001,3,0,0,0,0,0,0,0,0 //HLIF_AVOID	#긴급회피#
6013,8003,5,8001,5,0,0,0,0,0,0,0,0 //HLIF_BRAIN	#뇌수술#
6013,8004,3,0,0,0,0,0,0,0,0,0,0 //HLIF_CHANGE	#멘탈_체인지#
//아미스트르2(Amistr2) 진화형
6014,8005,5,0,0,0,0,0,0,0,0,0,0 //HAMI_CASTLE	#캐슬링#
6014,8006,5,8005,5,0,0,0,0,0,0,0,0 //HAMI_DEFENCE	#디펜스#
6014,8007,5,8006,3,0,0,0,0,0,0,0,0 //HAMI_SKIN	#아다만티움_스킨#
6014,8008,3,0,0,0,0,0,0,0,0,0,0 //HAMI_BLOODLUST	#블러드_러스트#
//필리르2(Filir2) 진화형
6015,8009,5,0,0,0,0,0,0,0,0,0,0 //HFLI_MOON	#문라이트#
6015,8010,5,8009,3,0,0,0,0,0,0,0,0 //HFLI_FLEET	#플릿_무브#
6015,8011,5,8010,3,0,0,0,0,0,0,0,0 //HFLI_SPEED	#오버드_스피드#
6015,8012,3,0,0,0,0,0,0,0,0,0,0 //HFLI_SBR44	#S.B.R.44#
//바닐미르스2(Vanilmirth2) 진화형
6016,8013,5,0,0,0,0,0,0,0,0,0,0 //HVAN_CAPRICE,	#카프리스#
6016,8014,5,8013,3,0,0,0,0,0,0,0,0 //HVAN_CHAOTIC	#카오틱_베네딕션#
6016,8015,5,8013,5,0,0,0,0,0,0,0,0 //HVAN_INSTRUCT	#체인지_인스트럭션#
6016,8016,3,0,0,0,0,0,0,0,0,0,0 //HVAN_EXPLOSION	#바이오_익스플로젼#
