
//    kk  ""tt""  "";;    """"JJ;;kkJJ  JJtt""    ""tt""  ;;tt""""tt    ""tt""   
//   JJ  kk""tt;;JJ      ttkk    ""tt    ;;;;ttJJ;;  ""ttkk;;"";;;;ttkk;;  ;;kk  
//  "";;  ""  kk  kk  tt  ttww    ZZ;;  ww    RR  ;;JJ  JJJJ  tt    RR  ;;JJ  JJ 
//  JJ      """";;""  kk  ttkk  ;;kk    ZZ    ww  ;;""  kk""  ww    kk;;kk""  JJ 
//  kk      JJ  kk    ww  ttkk  JJJJ  ;;ww  ""JJ  ;;tt""RR    ZZ  ;;ZZJJ      kk 
//  kk  ;;  "";;JJ        JJtt  JJJJ  ""kk  JJ""  ww""""ww    ww  ""JJ  ZZ    kk 
//  JJ  JJ  ;;JJ""  "";;  ww;;  kkJJ  JJ""  kk;;  ww  ;;ww  ""JJ  ww;;  ww  ;;tt 
//;;""  RR    RR    ww""  kk""  ;;tt  ww    kkkk      kktt  JJ;;  ZZ;;  ;;  tt   
//  JJkkttkkkk;;kkkk;;JJkktt""kkJJJJkkttJJkk;;  kkkkJJ  ttkkttJJkk;;ttkkJJkkJJ   
//| I | - | L | U | N | A | A | T | H | E | N | A | P | R | O | J | E | C | T |  
//------------------------------------------------------------------------------
// iLAthena 직업 능력 설정 데이터베이스 <http://www.i-luna.com>
// 한글화 by 아이루나 iLAthena Project
//------------------------------------------------------------------------------
// 직업코드,무게,HP비율,HP배율기,SP비율,맨손,단검,한손검,양손검,창,양손창,도끼,양손도끼,메이스,양손메이스,완드,활,너클,악기,채찍,책,카타르,권총,라이플총,개틀링건,샷건,그레네이드런처,닌자무기,양손스태프
//
// 노비스
0,	20000,0    ,500  ,100  ,500  ,650  ,700  ,2000 ,2000 ,2000 ,800  ,2000 ,700  ,700  ,650  ,2000 ,2000 ,2000 ,2000 ,2000 ,2000 ,2000 ,2000 ,2000 ,2000 ,2000 ,2000 , 650
// 검사
1,	28000,70   ,500  ,200  ,400  ,500  ,550  ,600  ,650  ,700  ,700  ,750  ,650  ,700  ,2000 ,2000 ,2000 ,2000 ,2000 ,2000 ,2000 ,2000 ,2000 ,2000 ,2000 ,2000 ,2000 ,2000
// 마법사
2,	22000,30   ,500  ,600  ,500  ,600  ,2000 ,2000 ,2000 ,2000 ,2000 ,2000 ,2000 ,2000 ,700  ,2000 ,2000 ,2000 ,2000 ,2000 ,2000 ,2000 ,2000 ,2000 ,2000 ,2000 ,2000 , 700
// 궁수
3,	26000,50   ,500  ,200  ,400  ,600  ,2000 ,2000 ,2000 ,2000 ,2000 ,2000 ,2000 ,2000 ,2000 ,700  ,2000 ,2000 ,2000 ,2000 ,2000 ,2000 ,2000 ,2000 ,2000 ,2000 ,2000 ,2000
// 복사
4,	24000,40   ,500  ,500  ,400  ,2000 ,2000 ,2000 ,2000 ,2000 ,2000 ,2000 ,600  ,600  ,600  ,2000 ,2000 ,2000 ,2000 ,2000 ,2000 ,2000 ,2000 ,2000 ,2000 ,2000 ,2000 , 600
// 상인
5,	28000,40   ,500  ,300  ,400  ,600  ,700  ,2000 ,2000 ,2000 ,700  ,750  ,700  ,700  ,2000 ,2000 ,2000 ,2000 ,2000 ,2000 ,2000 ,2000 ,2000 ,2000 ,2000 ,2000 ,2000 ,2000
// 도둑
6,	24000,50   ,500  ,200  ,400  ,500  ,650  ,2000 ,2000 ,2000 ,800  ,2000 ,2000 ,2000 ,2000 ,800  ,2000 ,2000 ,2000 ,2000 ,2000 ,2000 ,2000 ,2000 ,2000 ,2000 ,2000 ,2000
// 기사
7,	28000,150  ,500  ,300  ,400  ,500  ,500  ,550  ,600  ,600  ,700  ,700  ,650  ,700  ,2000 ,2000 ,2000 ,2000 ,2000 ,2000 ,2000 ,2000 ,2000 ,2000 ,2000 ,2000 ,2000 ,2000
// 프리스트
8,	26000,75   ,500  ,800  ,400  ,2000 ,2000 ,2000 ,2000 ,2000 ,2000 ,2000 ,600  ,600  ,600  ,2000 ,2000 ,2000 ,2000 ,600  ,2000 ,2000 ,2000 ,2000 ,2000 ,2000 ,2000 , 600
// 위자드
9,	24000,55   ,500  ,900  ,500  ,575  ,2000 ,2000 ,2000 ,2000 ,2000 ,2000 ,2000 ,2000 ,625  ,2000 ,2000 ,2000 ,2000 ,2000 ,2000 ,2000 ,2000 ,2000 ,2000 ,2000 ,2000 , 625
// 블랙스미스
10,	30000,90   ,500  ,400  ,400  ,600  ,650  ,2000 ,2000 ,2000 ,650  ,650  ,675  ,675  ,2000 ,2000 ,2000 ,2000 ,2000 ,2000 ,2000 ,2000 ,2000 ,2000 ,2000 ,2000 ,2000 ,2000
// 헌터
11,	27000,85   ,500  ,400  ,400  ,600  ,2000 ,2000 ,2000 ,2000 ,2000 ,2000 ,2000 ,2000 ,2000 ,600  ,2000 ,2000 ,2000 ,2000 ,2000 ,2000 ,2000 ,2000 ,2000 ,2000 ,2000 ,2000
// 어쌔신
12,	24000,110  ,500  ,400  ,400  ,500  ,650  ,2000 ,2000 ,2000 ,800  ,2000 ,2000 ,2000 ,2000 ,2000 ,2000 ,2000 ,2000 ,2000 ,500  ,2000 ,2000 ,2000 ,2000 ,2000 ,2000 ,2000
// 기사 (페코)
13,	28000,150  ,500  ,300  ,400  ,500  ,500  ,550  ,600  ,600  ,700  ,700  ,650  ,700  ,2000 ,2000 ,2000 ,2000 ,2000 ,2000 ,2000 ,2000 ,2000 ,2000 ,2000 ,2000 ,2000 ,2000
// 크루세이더
14,	28000,110  ,700  ,470  ,400  ,500  ,500  ,550  ,600  ,600  ,700  ,700  ,650  ,700  ,2000 ,2000 ,2000 ,2000 ,2000 ,2000 ,2000 ,2000 ,2000 ,2000 ,2000 ,2000 ,2000 ,2000
// 몽크
15,	26000,90   ,650  ,470  ,400  ,2000 ,2000 ,2000 ,2000 ,2000 ,2000 ,2000 ,575  ,575  ,575  ,2000 ,475  ,2000 ,2000 ,2000 ,2000 ,2000 ,2000 ,2000 ,2000 ,2000 ,2000 , 575
// 세이지
16,	24000,75   ,500  ,700  ,450  ,525  ,2000 ,2000 ,2000 ,2000 ,2000 ,2000 ,2000 ,2000 ,625  ,2000 ,2000 ,2000 ,2000 ,550  ,2000 ,2000 ,2000 ,2000 ,2000 ,2000 ,2000 , 625
// 로그
17,	24000,85   ,500  ,500  ,400  ,500  ,550  ,2000 ,2000 ,2000 ,2000 ,2000 ,2000 ,2000 ,2000 ,650  ,2000 ,2000 ,2000 ,2000 ,2000 ,2000 ,2000 ,2000 ,2000 ,2000 ,2000 ,2000
// 알케미스트
18,	30000,90   ,500  ,400  ,400  ,550  ,575  ,2000 ,2000 ,2000 ,675  ,700  ,650  ,650  ,2000 ,2000 ,2000 ,2000 ,2000 ,2000 ,2000 ,2000 ,2000 ,2000 ,2000 ,2000 ,2000 ,2000
// 바드
19,	27000,75   ,300  ,600  ,400  ,550  ,2000 ,2000 ,2000 ,2000 ,2000 ,2000 ,2000 ,2000 ,2000 ,650  ,2000 ,575  ,2000 ,2000 ,2000 ,2000 ,2000 ,2000 ,2000 ,2000 ,2000 ,2000
// 댄서
20,	27000,75   ,300  ,600  ,400  ,550  ,2000 ,2000 ,2000 ,2000 ,2000 ,2000 ,2000 ,2000 ,2000 ,650  ,2000 ,2000 ,575  ,2000 ,2000 ,2000 ,2000 ,2000 ,2000 ,2000 ,2000 ,2000
// 크루세이더 (페코)
21,	28000,110  ,700  ,470  ,400  ,500  ,500  ,550  ,600  ,600  ,700  ,700  ,650  ,700  ,2000 ,2000 ,2000 ,2000 ,2000 ,2000 ,2000 ,2000 ,2000 ,2000 ,2000 ,2000 ,2000 ,2000
// 웨딩직업
22,	20000,0    ,500  ,100  ,2000 ,2000 ,2000 ,2000 ,2000 ,2000 ,2000 ,2000 ,2000 ,2000 ,2000 ,2000 ,2000 ,2000 ,2000 ,2000 ,2000 ,2000 ,2000 ,2000 ,2000 ,2000 ,2000 ,2000
// 슈퍼 노비스
23,	20000,0    ,500  ,100  ,500  ,650  ,700  ,2000 ,2000 ,2000 ,800  ,2000 ,700  ,700  ,650  ,2000 ,2000 ,2000 ,2000 ,2000 ,2000 ,2000 ,2000 ,2000 ,2000 ,2000 ,2000 , 650
// 건슬링거
24,	28000,88   ,  0  ,450  ,500  ,2000, 2000, 2000, 2000, 2000, 2000 ,2000 ,2000 ,2000 ,2000 ,2000 ,2000 ,2000 ,2000 ,2000 ,2000 , 700 , 750 , 700 ,1500 ,1500 ,2000 ,2000
// 닌자
25,	26000,80   ,  0  ,515  ,400  ,500  ,2000 ,2000 ,2000 ,2000 ,2000 ,2000 ,2000 ,2000 ,2000 ,2000 ,2000 ,2000 ,2000 ,2000 ,2000 ,2000 ,2000 ,2000 ,2000 ,2000 , 750 ,2000
// 하이 노비스
4001,	20000,0    ,500  ,100  ,500  ,650  ,700  ,2000 ,2000 ,2000 ,800  ,2000 ,700  ,700  ,650  ,2000 ,2000 ,2000 ,2000 ,2000 ,2000 ,2000 ,2000 ,2000 ,2000 ,2000 ,2000 , 650
// 상위 검사
4002,	28000,70   ,500  ,200  ,400  ,500  ,550  ,600  ,650  ,700  ,700  ,750  ,650  ,700  ,2000 ,2000 ,2000 ,2000 ,2000 ,2000 ,2000 ,2000 ,2000 ,2000 ,2000 ,2000 ,2000 ,2000
// 상위 마법사
4003,	22000,30   ,500  ,600  ,500  ,600  ,2000 ,2000 ,2000 ,2000 ,2000 ,2000 ,2000 ,2000 ,700  ,2000 ,2000 ,2000 ,2000 ,2000 ,2000 ,2000 ,2000 ,2000 ,2000 ,2000 ,2000 , 700
// 상위 궁수
4004,	26000,50   ,500  ,200  ,400  ,600  ,2000 ,2000 ,2000 ,2000 ,2000 ,2000 ,2000 ,2000 ,2000 ,700  ,2000 ,2000 ,2000 ,2000 ,2000 ,2000 ,2000 ,2000 ,2000 ,2000 ,2000 ,2000
// 상위 복사
4005,	24000,40   ,500  ,500  ,400  ,2000 ,2000 ,2000 ,2000 ,2000 ,2000 ,2000 ,600  ,600  ,600  ,2000 ,2000 ,2000 ,2000 ,2000 ,2000 ,2000 ,2000 ,2000 ,2000 ,2000 ,2000 , 600
// 상위 상인
4006,	28000,40   ,500  ,300  ,400  ,600  ,700  ,2000 ,2000 ,2000 ,700  ,750  ,700  ,700  ,2000 ,2000 ,2000 ,2000 ,2000 ,2000 ,2000 ,2000 ,2000 ,2000 ,2000 ,2000 ,2000 ,2000
// 상위 도둑
4007,	24000,50   ,500  ,200  ,400  ,500  ,650  ,2000 ,2000 ,2000 ,800  ,2000 ,2000 ,2000 ,2000 ,800  ,2000 ,2000 ,2000 ,2000 ,2000 ,2000 ,2000 ,2000 ,2000 ,2000 ,2000 ,2000
// 로드 나이트
4008,	28000,150  ,500  ,300  ,400  ,500  ,500  ,550  ,600  ,600  ,700  ,700  ,650  ,700  ,2000 ,2000 ,2000 ,2000 ,2000 ,2000 ,2000 ,2000 ,2000 ,2000 ,2000 ,2000 ,2000 ,2000
// 하이 프리스트
4009,	26000,75   ,500  ,800  ,400  ,2000 ,2000 ,2000 ,2000 ,2000 ,2000 ,2000 ,600  ,600  ,600  ,2000 ,2000 ,2000 ,2000 ,600  ,2000 ,2000 ,2000 ,2000 ,2000 ,2000 ,2000 , 600
// 하이 위자드
4010,	24000,55   ,500  ,900  ,500  ,575  ,2000 ,2000 ,2000 ,2000 ,2000 ,2000 ,2000 ,2000 ,625  ,2000 ,2000 ,2000 ,2000 ,2000 ,2000 ,2000 ,2000 ,2000 ,2000 ,2000 ,2000 , 625
// 화이트스미스
4011,	30000,90   ,500  ,400  ,400  ,600  ,650  ,2000 ,2000 ,2000 ,650  ,650  ,675  ,675  ,2000 ,2000 ,2000 ,2000 ,2000 ,2000 ,2000 ,2000 ,2000 ,2000 ,2000 ,2000 ,2000 ,2000
// 스나이퍼
4012,	27000,85   ,500  ,400  ,400  ,600  ,2000 ,2000 ,2000 ,2000 ,2000 ,2000 ,2000 ,2000 ,2000 ,600  ,2000 ,2000 ,2000 ,2000 ,2000 ,2000 ,2000 ,2000 ,2000 ,2000 ,2000 ,2000
// 어쌔신 크로스
4013,	24000,110  ,500  ,400  ,400  ,500  ,650  ,2000 ,2000 ,2000 ,800  ,2000 ,2000 ,2000 ,2000 ,2000 ,2000 ,2000 ,2000 ,2000 ,500  ,2000 ,2000 ,2000 ,2000 ,2000 ,2000 ,2000
// 로드 나이트 (페코)
4014,	28000,150  ,500  ,300  ,400  ,500  ,500  ,550  ,600  ,600  ,700  ,700  ,650  ,700  ,2000 ,2000 ,2000 ,2000 ,2000 ,2000 ,2000 ,2000 ,2000 ,2000 ,2000 ,2000 ,2000 ,2000
// 팔라딘
4015,	28000,110  ,700  ,470  ,400  ,500  ,500  ,550  ,600  ,600  ,700  ,700  ,650  ,700  ,2000 ,2000 ,2000 ,2000 ,2000 ,2000 ,2000 ,2000 ,2000 ,2000 ,2000 ,2000 ,2000 ,2000
// 챔피온
4016,	26000,90   ,650  ,470  ,400  ,2000 ,2000 ,2000 ,2000 ,2000 ,2000 ,2000 ,575  ,575  ,575  ,2000 ,475  ,2000 ,2000 ,2000 ,2000 ,2000 ,2000 ,2000 ,2000 ,2000 ,2000 , 575
// 프로페셔
4017,	24000,75   ,500  ,700  ,450  ,525  ,2000 ,2000 ,2000 ,2000 ,2000 ,2000 ,2000 ,2000 ,625  ,2000 ,2000 ,2000 ,2000 ,550  ,2000 ,2000 ,2000 ,2000 ,2000 ,2000 ,2000 , 625
// 스토커
4018,	24000,85   ,500  ,500  ,400  ,500  ,550  ,2000 ,2000 ,2000 ,2000 ,2000 ,2000 ,2000 ,2000 ,650  ,2000 ,2000 ,2000 ,2000 ,2000 ,2000 ,2000 ,2000 ,2000 ,2000 ,2000 ,2000
// 크리에이터
4019,	30000,90   ,500  ,400  ,400  ,550  ,575  ,2000 ,2000 ,2000 ,675  ,700  ,650  ,650  ,2000 ,2000 ,2000 ,2000 ,2000 ,2000 ,2000 ,2000 ,2000 ,2000 ,2000 ,2000 ,2000 ,2000
// 클로운
4020,	27000,75   ,300  ,600  ,400  ,550  ,2000 ,2000 ,2000 ,2000 ,2000 ,2000 ,2000 ,2000 ,2000 ,650  ,2000 ,575  ,2000 ,2000 ,2000 ,2000 ,2000 ,2000 ,2000 ,2000 ,2000 ,2000
// 집시
4021,	27000,75   ,300  ,600  ,400  ,550  ,2000 ,2000 ,2000 ,2000 ,2000 ,2000 ,2000 ,2000 ,2000 ,650  ,2000 ,2000 ,575  ,2000 ,2000 ,2000 ,2000 ,2000 ,2000 ,2000 ,2000 ,2000
// 팔라딘 (페코)
4022,	28000,110  ,700  ,470  ,400  ,500  ,500  ,550  ,600  ,600  ,700  ,700  ,650  ,700  ,2000 ,2000 ,2000 ,2000 ,2000 ,2000 ,2000 ,2000 ,2000 ,2000 ,2000 ,2000 ,2000 ,2000
// 베이비 노비스
4023,	20000,0    ,500  ,100  ,500  ,650  ,700  ,2000 ,2000 ,2000 ,800  ,2000 ,700  ,700  ,650  ,2000 ,2000 ,2000 ,2000 ,2000 ,2000 ,2000 ,2000 ,2000 ,2000 ,2000 ,2000 , 650
// 베이비 검사
4024,	28000,70   ,500  ,200  ,400  ,500  ,550  ,600  ,650  ,700  ,700  ,750  ,650  ,700  ,2000 ,2000 ,2000 ,2000 ,2000 ,2000 ,2000 ,2000 ,2000 ,2000 ,2000 ,2000 ,2000 ,2000
// 베이비 마법사
4025,	22000,30   ,500  ,600  ,500  ,600  ,2000 ,2000 ,2000 ,2000 ,2000 ,2000 ,2000 ,2000 ,700  ,2000 ,2000 ,2000 ,2000 ,2000 ,2000 ,2000 ,2000 ,2000 ,2000 ,2000 ,2000 , 700
// 베이비 궁수
4026,	26000,50   ,500  ,200  ,400  ,600  ,2000 ,2000 ,2000 ,2000 ,2000 ,2000 ,2000 ,2000 ,2000 ,700  ,2000 ,2000 ,2000 ,2000 ,2000 ,2000 ,2000 ,2000 ,2000 ,2000 ,2000 ,2000
// 베이비 복사
4027,	24000,40   ,500  ,500  ,400  ,2000 ,2000 ,2000 ,2000 ,2000 ,2000 ,2000 ,600  ,600  ,600  ,2000 ,2000 ,2000 ,2000 ,2000 ,2000 ,2000 ,2000 ,2000 ,2000 ,2000 ,2000 , 600
// 베이비 상인
4028,	28000,40   ,500  ,300  ,400  ,600  ,700  ,2000 ,2000 ,2000 ,700  ,750  ,700  ,700  ,2000 ,2000 ,2000 ,2000 ,2000 ,2000 ,2000 ,2000 ,2000 ,2000 ,2000 ,2000 ,2000 ,2000
// 베이비 도둑
4029,	24000,50   ,500  ,200  ,400  ,500  ,650  ,2000 ,2000 ,2000 ,800  ,2000 ,2000 ,2000 ,2000 ,800  ,2000 ,2000 ,2000 ,2000 ,2000 ,2000 ,2000 ,2000 ,2000 ,2000 ,2000 ,2000
// 베이비 기사
4030,	28000,150  ,500  ,300  ,400  ,500  ,500  ,550  ,600  ,600  ,700  ,700  ,650  ,700  ,2000 ,2000 ,2000 ,2000 ,2000 ,2000 ,2000 ,2000 ,2000 ,2000 ,2000 ,2000 ,2000 ,2000
// 베이비 프리스트
4031,	26000,75   ,500  ,800  ,400  ,2000 ,2000 ,2000 ,2000 ,2000 ,2000 ,2000 ,600  ,600  ,600  ,2000 ,2000 ,2000 ,2000 ,600  ,2000 ,2000 ,2000 ,2000 ,2000 ,2000 ,2000 , 600
// 베이비 위자드
4032,	24000,55   ,500  ,900  ,500  ,575  ,2000 ,2000 ,2000 ,2000 ,2000 ,2000 ,2000 ,2000 ,625  ,2000 ,2000 ,2000 ,2000 ,2000 ,2000 ,2000 ,2000 ,2000 ,2000 ,2000 ,2000 , 625
// 베이비 블랙스미스
4033,	30000,90   ,500  ,400  ,400  ,600  ,650  ,2000 ,2000 ,2000 ,650  ,650  ,675  ,675  ,2000 ,2000 ,2000 ,2000 ,2000 ,2000 ,2000 ,2000 ,2000 ,2000 ,2000 ,2000 ,2000 ,2000
// 베이비 헌터
4034,	27000,85   ,500  ,400  ,400  ,600  ,2000 ,2000 ,2000 ,2000 ,2000 ,2000 ,2000 ,2000 ,2000 ,600  ,2000 ,2000 ,2000 ,2000 ,2000 ,2000 ,2000 ,2000 ,2000 ,2000 ,2000 ,2000
// 베이비 어쌔신
4035,	24000,110  ,500  ,400  ,400  ,500  ,650  ,2000 ,2000 ,2000 ,800  ,2000 ,2000 ,2000 ,2000 ,2000 ,2000 ,2000 ,2000 ,2000 ,500  ,2000 ,2000 ,2000 ,2000 ,2000 ,2000 ,2000
// 베이비 기사 (페코)
4036,	28000,150  ,500  ,300  ,400  ,500  ,500  ,550  ,600  ,600  ,700  ,700  ,650  ,700  ,2000 ,2000 ,2000 ,2000 ,2000 ,2000 ,2000 ,2000 ,2000 ,2000 ,2000 ,2000 ,2000 ,2000
// 베이비 크루세이더
4037,	28000,110  ,700  ,470  ,400  ,500  ,500  ,550  ,600  ,600  ,700  ,700  ,650  ,700  ,2000 ,2000 ,2000 ,2000 ,2000 ,2000 ,2000 ,2000 ,2000 ,2000 ,2000 ,2000 ,2000 ,2000
// 베이비 몽크
4038,	26000,90   ,650  ,470  ,400  ,2000 ,2000 ,2000 ,2000 ,2000 ,2000 ,2000 ,575  ,575  ,575  ,2000 ,475  ,2000 ,2000 ,2000 ,2000 ,2000 ,2000 ,2000 ,2000 ,2000 ,2000 , 575
// 베이비 세이지
4039,	24000,75   ,500  ,700  ,450  ,525  ,2000 ,2000 ,2000 ,2000 ,2000 ,2000 ,2000 ,2000 ,625  ,2000 ,2000 ,2000 ,2000 ,550  ,2000 ,2000 ,2000 ,2000 ,2000 ,2000 ,2000 , 625
// 베이비 로그
4040,	24000,85   ,500  ,500  ,400  ,500  ,550  ,2000 ,2000 ,2000 ,2000 ,2000 ,2000 ,2000 ,2000 ,650  ,2000 ,2000 ,2000 ,2000 ,2000 ,2000 ,2000 ,2000 ,2000 ,2000 ,2000 ,2000
// 베이비 알케미스트
4041,	30000,90   ,500  ,400  ,400  ,550  ,575  ,2000 ,2000 ,2000 ,675  ,700  ,650  ,650  ,2000 ,2000 ,2000 ,2000 ,2000 ,2000 ,2000 ,2000 ,2000 ,2000 ,2000 ,2000 ,2000 ,2000
// 베이비 바드
4042,	27000,75   ,300  ,600  ,400  ,550  ,2000 ,2000 ,2000 ,2000 ,2000 ,2000 ,2000 ,2000 ,2000 ,650  ,2000 ,575  ,2000 ,2000 ,2000 ,2000 ,2000 ,2000 ,2000 ,2000 ,2000 ,2000
// 베이비 댄서
4043,	27000,75   ,300  ,600  ,400  ,550  ,2000 ,2000 ,2000 ,2000 ,2000 ,2000 ,2000 ,2000 ,2000 ,650  ,2000 ,2000 ,575  ,2000 ,2000 ,2000 ,2000 ,2000 ,2000 ,2000 ,2000 ,2000
// 베이비 크루세이더 (페코)
4044,	28000,110  ,700  ,470  ,400  ,500  ,500  ,550  ,600  ,600  ,700  ,700  ,650  ,700  ,2000 ,2000 ,2000 ,2000 ,2000 ,2000 ,2000 ,2000 ,2000 ,2000 ,2000 ,2000 ,2000 ,2000
// 베이비 슈퍼 노비스
4045,	20000,0    ,500  ,100  ,500  ,650  ,700  ,2000 ,2000 ,2000 ,800  ,2000 ,700  ,700  ,650  ,2000 ,2000 ,2000 ,2000 ,2000 ,2000 ,2000 ,2000 ,2000 ,2000 ,2000 ,2000 , 650
// 태권소년/소녀
4046, 28000,70   ,500  ,200  ,400  ,2000 ,2000 ,2000 ,2000 ,2000 ,2000 ,2000 ,2000 ,2000 ,2000 ,2000 ,2000 ,2000 ,2000 ,2000 ,2000 ,2000 ,2000 ,2000 ,2000 ,2000 ,2000 ,2000
// 권성
4047, 28000,90   ,650  ,470  ,400  ,2000 ,2000 ,2000 ,2000 ,2000 ,2000 ,2000 ,2000 ,2000 ,2000 ,2000 ,2000 ,2000 ,2000 ,500  ,2000 ,2000 ,2000 ,2000 ,2000 ,2000 ,2000 ,2000
// 권성 (융합)
4048, 28000,90   ,650  ,470  ,400  ,2000 ,2000 ,2000 ,2000 ,2000 ,2000 ,2000 ,2000 ,2000 ,2000 ,2000 ,2000 ,2000 ,2000 ,500  ,2000 ,2000 ,2000 ,2000 ,2000 ,2000 ,2000 ,2000
// 소울 링커
4049, 24000,75   ,500  ,900  ,500  ,575  ,2000 ,2000 ,2000 ,2000 ,2000 ,2000 ,2000 ,2000 ,625  ,2000 ,2000 ,2000 ,2000 ,2000 ,2000 ,2000 ,2000 ,2000 ,2000 ,2000 ,2000 , 625 
