
//    kk  ""tt""  "";;    """"JJ;;kkJJ  JJtt""    ""tt""  ;;tt""""tt    ""tt""   
//   JJ  kk""tt;;JJ      ttkk    ""tt    ;;;;ttJJ;;  ""ttkk;;"";;;;ttkk;;  ;;kk  
//  "";;  ""  kk  kk  tt  ttww    ZZ;;  ww    RR  ;;JJ  JJJJ  tt    RR  ;;JJ  JJ 
//  JJ      """";;""  kk  ttkk  ;;kk    ZZ    ww  ;;""  kk""  ww    kk;;kk""  JJ 
//  kk      JJ  kk    ww  ttkk  JJJJ  ;;ww  ""JJ  ;;tt""RR    ZZ  ;;ZZJJ      kk 
//  kk  ;;  "";;JJ        JJtt  JJJJ  ""kk  JJ""  ww""""ww    ww  ""JJ  ZZ    kk 
//  JJ  JJ  ;;JJ""  "";;  ww;;  kkJJ  JJ""  kk;;  ww  ;;ww  ""JJ  ww;;  ww  ;;tt 
//;;""  RR    RR    ww""  kk""  ;;tt  ww    kkkk      kktt  JJ;;  ZZ;;  ;;  tt   
//  JJkkttkkkk;;kkkk;;JJkktt""kkJJJJkkttJJkk;;  kkkkJJ  ttkkttJJkk;;ttkkJJkkJJ   
//| I | - | L | U | N | A | A | T | H | E | N | A | P | R | O | J | E | C | T |  
//------------------------------------------------------------------------------
// iLAthena 스킬 사용 조건 데이터베이스 <http://www.i-luna.com>
// 한글화 by 아이루나 iLAthena Project
//------------------------------------------------------------------------------
// 한글화 by 악승
// 검수 by 아이루나(사이버짱)
//------------------------------------------------------------------------------
//407,0,5,0,0,0,99,none,0,937,1,939,1,7033,1,972,1,657,1,713,1,952,1,0,0,0,0,0,0        //ASC_CDP#치명적인 독 생산#
//407: 스킬 고유 ID
//0: 스킬 사용에 필요한 HP 설정 (스킬레벨별로 : 기호를 사용해 분류)
//5: 스킬 사용에 필요한 SP 설정 (스킬레벨별로 : 기호를 사용해 분류)
//0: 스킬 사용에 필요한 HP 백분율 설정 (스킬레벨별로 : 기호를 사용해 분류)
//   (양수 - 현재HP 기준, 음수 - 최대HP 기준)
//0: 스킬 사용에 필요한 SP 백분율 설정 (스킬레벨별로 : 기호를 사용해 분류)
//   (양수 - 현재SP 기준, 음수 - 최대SP 기준)
//0: 스킬 사용에 필요한 제니 설정
//99: 스킬 사용에 필요한 무기 종류 설정
//	99 - 모든 무기, 0 - 맨손, 1 - 단검, 2 - 한손검, 3 - 양손검, 4 - 한손창,
//	5 - 양손창, 6 - 한손도끼, 7 - 양손도끼, 8 - 한손둔기, 9 - 양손둔기, 10 - 스태프,
//	11 - 활, 12 - 너클, 13 - 악기, 14 - 채찍, 15 - 책, 16 - 카타르,17~22 - 이도류
//	 (여러 종류 설정시 : 기호를 사용해 분류)
//
//  none = 조건 없음
//  move_enable = 이동가능한 상태
//  recover_weight_rate = 무게 50% 이하
//  water = 발밑이 수면에 잠겨있는 상태
//  cart = 카트 착용
//  riding = 페코페코 탑승 상태
//  falcon = 매(독수리) 착용
//  sight = 사이트 상태
//  hiding = 하이딩 상태
//  cloaking = 클로킹 상태
//  explosionspirits = 폭기 상태
//  cartboost = 카트부스터 상태
//  shield = 방패 착용 상태

5,0,0,8:8:8:8:8:15:15:15:15:15,0,0,0,0:1:2:3:4:5:6:7:8:9:10:12:13:14:15:16:17:18:19:20:21:22,0,0,none,0,0,0,0,0,0,0,0,0,0,0,0,0,0,0,0,0,0,0,0,0	//SM_BASH#배쉬#
6,0,0,4:5:6:7:8:9:10:11:12:13,0,0,0,99,0,0,none,0,0,0,0,0,0,0,0,0,0,0,0,0,0,0,0,0,0,0,0,0	//SM_PROVOKE#프로보크#
7,20:20:19:19:18:18:17:17:16:16,0,30,0,0,0,99,0,0,none,0,0,0,0,0,0,0,0,0,0,0,0,0,0,0,0,0,0,0,0,0	//SM_MAGNUM#매그넘_브레이크#
8,0,0,10,0,0,0,99,0,0,none,0,0,0,0,0,0,0,0,0,0,0,0,0,0,0,0,0,0,0,0,0	//SM_ENDURE#인듀어#

10,0,0,10,0,0,0,99,0,0,none,0,0,0,0,0,0,0,0,0,0,0,0,0,0,0,0,0,0,0,0,0	//MG_SIGHT#사이트#
11,0,0,9:9:9:12:12:12:15:15:15:18,0,0,0,99,0,0,none,0,0,0,0,0,0,0,0,0,0,0,0,0,0,0,0,0,0,0,0,0	//MG_NAPALMBEAT#네이팜_비트#
12,0,0,30:30:30:35:35:35:40:40:40:40,0,0,0,99,0,0,none,0,717,1,0,0,0,0,0,0,0,0,0,0,0,0,0,0,0,0,0,0	//MG_SAFETYWALL#세이프티_월#
13,0,0,18:14:24:20:30:26:36:32:42:38,0,0,0,99,0,0,none,0,0,0,0,0,0,0,0,0,0,0,0,0,0,0,0,0,0,0,0,0	//MG_SOULSTRIKE#소울_스트라이크#
14,0,0,12:14:16:18:20:22:24:26:28:30,0,0,0,99,0,0,none,0,0,0,0,0,0,0,0,0,0,0,0,0,0,0,0,0,0,0,0,0	//MG_COLDBOLT#콜드볼트#
15,0,0,25:24:23:22:21:20:19:18:17:16,0,0,0,99,0,0,none,0,0,0,0,0,0,0,0,0,0,0,0,0,0,0,0,0,0,0,0,0	//MG_FROSTDIVER#프로스트_다이버#
16,0,0,25:24:23:22:21:20:19:18:17:16,0,0,0,99,0,0,none,0,716,1,0,0,0,0,0,0,0,0,0,0,0,0,0,0,0,0,0,0	//MG_STONECURSE#스톤_커스#
17,0,0,25,0,0,0,99,0,0,none,0,0,0,0,0,0,0,0,0,0,0,0,0,0,0,0,0,0,0,0,0	//MG_FIREBALL#화이어_볼#
18,0,0,40,0,0,0,99,0,0,none,0,0,0,0,0,0,0,0,0,0,0,0,0,0,0,0,0,0,0,0,0	//MG_FIREWALL#화이어_월#
19,0,0,12:14:16:18:20:22:24:26:28:30,0,0,0,99,0,0,none,0,0,0,0,0,0,0,0,0,0,0,0,0,0,0,0,0,0,0,0,0	//MG_FIREBOLT#화이어_볼트#
20,0,0,12:14:16:18:20:22:24:26:28:30,0,0,0,99,0,0,none,0,0,0,0,0,0,0,0,0,0,0,0,0,0,0,0,0,0,0,0,0	//MG_LIGHTNINGBOLT#라이트닝_볼트#
21,0,0,29:34:39:44:49:54:59:64:69:74,0,0,0,99,0,0,none,0,0,0,0,0,0,0,0,0,0,0,0,0,0,0,0,0,0,0,0,0	//MG_THUNDERSTORM#선더스톰#

24,0,0,10,0,0,0,99,0,0,none,0,0,0,0,0,0,0,0,0,0,0,0,0,0,0,0,0,0,0,0,0	//AL_RUWACH#루아흐#
25,0,0,10,0,0,0,99,0,0,none,0,0,0,0,0,0,0,0,0,0,0,0,0,0,0,0,0,0,0,0,0	//AL_PNEUMA#흐뉴마#
26,0,0,10:9,0,0,0,99,0,0,none,0,0,0,0,0,0,0,0,0,0,0,0,0,0,0,0,0,0,0,0,0	//AL_TELEPORT#텔레포테이션#
27,0,0,35:32:29:26,0,0,0,99,0,0,none,0,717,1,0,0,0,0,0,0,0,0,0,0,0,0,0,0,0,0,0,0 //AL_WARP#워프_포탈#
28,0,0,13:16:19:22:25:28:31:34:37:40,0,0,0,99,0,0,none,0,0,0,0,0,0,0,0,0,0,0,0,0,0,0,0,0,0,0,0,0	//AL_HEAL#힐#
29,15,0,18:21:24:27:30:33:36:39:42:45,0,0,0,99,0,0,none,0,0,0,0,0,0,0,0,0,0,0,0,0,0,0,0,0,0,0,0,0	//AL_INCAGI#민첩성_증가#
30,0,0,15:17:19:21:23:25:27:29:31:33,0,0,0,99,0,0,none,0,0,0,0,0,0,0,0,0,0,0,0,0,0,0,0,0,0,0,0,0		//AL_DECAGI#민첩성_감소#
31,0,0,10,0,0,0,99,0,0,water,0,0,0,0,0,0,0,0,0,0,0,0,0,0,0,0,0,0,0,0,0	//AL_HOLYWATER#아쿠아_베네딕타#
32,0,0,35,0,0,0,99,0,0,none,0,0,0,0,0,0,0,0,0,0,0,0,0,0,0,0,0,0,0,0,0	//AL_CRUCIS#시그넘_크루시스#
33,0,0,23:26:29:32:35:38:41:44:47:50,0,0,0,99,0,0,none,0,0,0,0,0,0,0,0,0,0,0,0,0,0,0,0,0,0,0,0,0	//AL_ANGELUS#안젤루스#
34,0,0,28:32:36:40:44:48:52:56:60:64,0,0,0,99,0,0,none,0,0,0,0,0,0,0,0,0,0,0,0,0,0,0,0,0,0,0,0,0	//AL_BLESSING#블레싱#
35,0,0,15,0,0,0,99,0,0,none,0,0,0,0,0,0,0,0,0,0,0,0,0,0,0,0,0,0,0,0,0	//AL_CURE#큐어#

40,0,0,10,0,0,0,99,0,0,none,0,0,0,0,0,0,0,0,0,0,0,0,0,0,0,0,0,0,0,0,0	//MC_IDENTIFY#아이템_감정#
41,0,0,30,0,0,0,99,0,0,cart,0,0,0,0,0,0,0,0,0,0,0,0,0,0,0,0,0,0,0,0,0	//MC_VENDING#노점개설#
42,0,0,5,0,0,100:200:300:400:500:600:700:800:900:1000,99,0,0,none,0,0,0,0,0,0,0,0,0,0,0,0,0,0,0,0,0,0,0,0,0	//MC_MAMMONITE#매머나이트#

45,0,0,25:30:35:40:45:50:55:60:65:70,0,0,0,99,0,0,none,0,0,0,0,0,0,0,0,0,0,0,0,0,0,0,0,0,0,0,0,0	//AC_CONCENTRATION#집중력_향상#
46,0,0,12,0,0,0,11,1,1,none,0,0,0,0,0,0,0,0,0,0,0,0,0,0,0,0,0,0,0,0,0	//AC_DOUBLE#더블_스트레이핑#
47,0,0,15,0,0,0,11,1,1,none,0,0,0,0,0,0,0,0,0,0,0,0,0,0,0,0,0,0,0,0,0	//AC_SHOWER#애로우_샤워#

50,0,0,10,0,0,0,99,0,0,none,0,0,0,0,0,0,0,0,0,0,0,0,0,0,0,0,0,0,0,0,0	//TF_STEAL#스틸#
51,0,0,10,0,0,0,99,0,0,none,0,0,0,0,0,0,0,0,0,0,0,0,0,0,0,0,0,0,0,0,0	//TF_HIDING#하이딩#
52,0,0,12,0,0,0,99,0,0,none,0,0,0,0,0,0,0,0,0,0,0,0,0,0,0,0,0,0,0,0,0	//TF_POISON#인베넘#
53,0,0,10,0,0,0,99,0,0,none,0,0,0,0,0,0,0,0,0,0,0,0,0,0,0,0,0,0,0,0,0	//TF_DETOXIFY#해독#
54,0,0,60,0,0,0,99,0,0,none,0,717,1,0,0,0,0,0,0,0,0,0,0,0,0,0,0,0,0,0,0	//ALL_RESURRECTION#리저렉션#

56,0,0,7,0,0,0,4:5,0,0,none,0,0,0,0,0,0,0,0,0,0,0,0,0,0,0,0,0,0,0,0,0	//KN_PIERCE#피어스#
57,0,0,12,0,0,0,4:5,0,0,riding,0,0,0,0,0,0,0,0,0,0,0,0,0,0,0,0,0,0,0,0,0	//KN_BRANDISHSPEAR#브랜디쉬_스피어#
58,0,0,9,0,0,0,4:5,0,0,none,0,0,0,0,0,0,0,0,0,0,0,0,0,0,0,0,0,0,0,0,0	//KN_SPEARSTAB#스피어_스탭#
59,0,0,10,0,0,0,4:5,0,0,none,0,0,0,0,0,0,0,0,0,0,0,0,0,0,0,0,0,0,0,0,0	//KN_SPEARBOOMERANG#스피어_부메랑#
60,0,0,14:18:22:26:30:34:38:42:46:50,0,0,0,3,0,0,none,0,0,0,0,0,0,0,0,0,0,0,0,0,0,0,0,0,0,0,0,0	//KN_TWOHANDQUICKEN#투핸드_퀴큰#
61,0,0,3,0,0,0,0:1:2:3:4:5:6:7:8:9:10:12:13:14:15:16:17:18:19:20:21:22,0,0,none,0,0,0,0,0,0,0,0,0,0,0,0,0,0,0,0,0,0,0,0,0	//KN_AUTOCOUNTER#오토_카운터#
62,0,0,13:14:15:16:17:18:19:20:21:22,0,0,0,99,0,0,none,0,0,0,0,0,0,0,0,0,0,0,0,0,0,0,0,0,0,0,0,0	//KN_BOWLINGBASH#볼링_배쉬#

66,0,0,13:16:19:22:25,0,0,0,99,0,0,none,0,0,0,0,0,0,0,0,0,0,0,0,0,0,0,0,0,0,0,0,0	//PR_IMPOSITIO#임포시티오_마누스#
67,0,0,8,0,0,0,99,0,0,none,0,0,0,0,0,0,0,0,0,0,0,0,0,0,0,0,0,0,0,0,0	//PR_SUFFRAGIUM#수프라기움#
68,0,0,14:18:22:26:30,0,0,0,99,0,0,none,0,523,1,0,0,0,0,0,0,0,0,0,0,0,0,0,0,0,0,0,0	//PR_ASPERSIO#아스페르시오#
69,0,0,20,0,0,0,99,0,0,none,0,0,0,0,0,0,0,0,0,0,0,0,0,0,0,0,0,0,0,0,0	//PR_BENEDICTIO#성체강복#
70,0,0,15:18:21:24:27:30:33:36:39:42,0,0,0,99,0,0,none,0,717,1,0,0,0,0,0,0,0,0,0,0,0,0,0,0,0,0,0,0	//PR_SANCTUARY#생츄어리#
71,0,0,6:8:10:12,0,0,0,99,0,0,none,0,0,0,0,0,0,0,0,0,0,0,0,0,0,0,0,0,0,0,0,0	//PR_SLOWPOISON#슬로우_포이즌#
72,0,0,5,0,0,0,99,0,0,none,0,0,0,0,0,0,0,0,0,0,0,0,0,0,0,0,0,0,0,0,0	//PR_STRECOVERY#리커버리#
73,0,0,20:20:20:25:25:25:30:30:30:35,0,0,0,99,0,0,none,0,0,0,0,0,0,0,0,0,0,0,0,0,0,0,0,0,0,0,0,0	//PR_KYRIE#기리에_엘레이손#
74,0,0,40,0,0,0,99,0,0,none,0,0,0,0,0,0,0,0,0,0,0,0,0,0,0,0,0,0,0,0,0	//PR_MAGNIFICAT#마니피캇#
75,0,0,20,0,0,0,99,0,0,none,0,0,0,0,0,0,0,0,0,0,0,0,0,0,0,0,0,0,0,0,0	//PR_GLORIA#글로리아#
76,0,0,20:20:20:20:20:18:16:14:12:10,0,0,0,99,0,0,none,0,0,0,0,0,0,0,0,0,0,0,0,0,0,0,0,0,0,0,0,0	//PR_LEXDIVINA#렉스_디비나#
77,0,0,20,0,0,0,99,0,0,none,0,0,0,0,0,0,0,0,0,0,0,0,0,0,0,0,0,0,0,0,0	//PR_TURNUNDEAD#턴_언데드#
78,0,0,10,0,0,0,99,0,0,none,0,0,0,0,0,0,0,0,0,0,0,0,0,0,0,0,0,0,0,0,0	//PR_LEXAETERNA#렉스_에테르나#
79,0,0,40:42:44:46:48:50:52:54:56:58,0,0,0,99,0,0,none,0,717,1,0,0,0,0,0,0,0,0,0,0,0,0,0,0,0,0,0,0	//PR_MAGNUS#마그누스_엑소르시스무스#
80,0,0,75,0,0,0,99,0,0,none,0,717,1,0,0,0,0,0,0,0,0,0,0,0,0,0,0,0,0,0,0	//WZ_FIREPILLAR#화이어_필라#
81,0,0,35:37:39:41:43:45:47:49:51:53,0,0,0,99,0,0,sight,0,0,0,0,0,0,0,0,0,0,0,0,0,0,0,0,0,0,0,0,0	//WZ_SIGHTRASHER#사이트래셔#

83,0,0,20:24:30:34:40:44:50:54:60:64,0,0,0,99,0,0,none,0,0,0,0,0,0,0,0,0,0,0,0,0,0,0,0,0,0,0,0,0	//WZ_METEOR#메테오_스톰#
84,0,0,20:23:26:29:32:35:38:41:44:47,0,0,0,99,0,0,none,0,0,0,0,0,0,0,0,0,0,0,0,0,0,0,0,0,0,0,0,0	//WZ_JUPITEL#유피텔_선더#
85,0,0,60:64:68:72:76:80:84:88:92:96,0,0,0,99,0,0,none,0,0,0,0,0,0,0,0,0,0,0,0,0,0,0,0,0,0,0,0,0	//WZ_VERMILION#로드_오브_버밀리온#
86,0,0,15:20:20:25:25:25:25:25:25:25,0,0,0,99,0,0,water,0,0,0,0,0,0,0,0,0,0,0,0,0,0,0,0,0,0,0,0,0	//WZ_WATERBALL#워터볼#
87,0,0,20,0,0,0,99,0,0,none,0,0,0,0,0,0,0,0,0,0,0,0,0,0,0,0,0,0,0,0,0	//WZ_ICEWALL#아이스월#
88,0,0,45:43:41:39:37:35:33:31:29:27,0,0,0,99,0,0,none,0,0,0,0,0,0,0,0,0,0,0,0,0,0,0,0,0,0,0,0,0	//WZ_FROSTNOVA#프로스트_노바#
89,0,0,78,0,0,0,99,0,0,none,0,0,0,0,0,0,0,0,0,0,0,0,0,0,0,0,0,0,0,0,0	//WZ_STORMGUST#스톰_가스트#
90,0,0,12:14:16:18:20,0,0,0,99,0,0,none,0,0,0,0,0,0,0,0,0,0,0,0,0,0,0,0,0,0,0,0,0	//WZ_EARTHSPIKE#어스_스파이크#
91,0,0,28:32:36:40:44,0,0,0,99,0,0,none,0,0,0,0,0,0,0,0,0,0,0,0,0,0,0,0,0,0,0,0,0	//WZ_HEAVENDRIVE#헤븐즈_드라이브#
92,0,0,5:10:15:20:25,0,0,0,99,0,0,none,0,0,0,0,0,0,0,0,0,0,0,0,0,0,0,0,0,0,0,0,0	//WZ_QUAGMIRE#콰그마이어#
93,0,0,10,0,0,0,99,0,0,none,0,0,0,0,0,0,0,0,0,0,0,0,0,0,0,0,0,0,0,0,0	//WZ_ESTIMATION#몬스터_정보#

108,0,0,30,0,0,0,99,0,0,none,0,0,0,0,0,0,0,0,0,0,0,0,0,0,0,0,0,0,0,0,0	//BS_REPAIRWEAPON#무기_수리#

110,0,0,10,0,0,0,1:2:6:7:8,0,0,none,0,0,0,0,0,0,0,0,0,0,0,0,0,0,0,0,0,0,0,0,0	//BS_HAMMERFALL#해머폴#
111,0,0,20:23:26:29:32,0,0,0,6:7:8,0,0,none,0,0,0,0,0,0,0,0,0,0,0,0,0,0,0,0,0,0,0,0,0	//BS_ADRENALINE#아드레날린_러쉬#
112,0,0,18:16:14:12:10,0,0,0,99,0,0,none,0,0,0,0,0,0,0,0,0,0,0,0,0,0,0,0,0,0,0,0,0	//BS_WEAPONPERFECT#웨폰_퍼펙션#
113,0,0,18:16:14:12:10,0,0,0,99,0,0,none,0,0,0,0,0,0,0,0,0,0,0,0,0,0,0,0,0,0,0,0,0	//BS_OVERTHRUST#오버_트러스트#
114,0,0,10,0,0,0,99,0,0,none,0,0,0,0,0,0,0,0,0,0,0,0,0,0,0,0,0,0,0,0,0	//BS_MAXIMIZE#맥시마이즈_파워#
115,0,0,10,0,0,0,99,0,0,none,0,1065,1,0,0,0,0,0,0,0,0,0,0,0,0,0,0,0,0,0,0	//HT_SKIDTRAP#스키드_트랩#
116,0,0,10,0,0,0,99,0,0,none,0,1065,1,0,0,0,0,0,0,0,0,0,0,0,0,0,0,0,0,0,0	//HT_LANDMINE#랜드_마인#
117,0,0,12,0,0,0,99,0,0,none,0,1065,1,0,0,0,0,0,0,0,0,0,0,0,0,0,0,0,0,0,0	//HT_ANKLESNARE#앵클스네어#
118,0,0,45,0,0,0,99,0,0,none,0,1065,2,0,0,0,0,0,0,0,0,0,0,0,0,0,0,0,0,0,0	//HT_SHOCKWAVE#쇼크웨이브_트랩#
119,0,0,12,0,0,0,99,0,0,none,0,1065,1,0,0,0,0,0,0,0,0,0,0,0,0,0,0,0,0,0,0	//HT_SANDMAN#샌드맨#
120,0,0,12,0,0,0,99,0,0,none,0,1065,2,0,0,0,0,0,0,0,0,0,0,0,0,0,0,0,0,0,0	//HT_FLASHER#플래셔#
121,0,0,10,0,0,0,99,0,0,none,0,1065,2,0,0,0,0,0,0,0,0,0,0,0,0,0,0,0,0,0,0	//HT_FREEZINGTRAP#프리징_트랩#
122,0,0,10,0,0,0,99,0,0,none,0,1065,1,0,0,0,0,0,0,0,0,0,0,0,0,0,0,0,0,0,0	//HT_BLASTMINE#블래스트_마인#
123,0,0,15,0,0,0,99,0,0,none,0,1065,2,0,0,0,0,0,0,0,0,0,0,0,0,0,0,0,0,0,0	//HT_CLAYMORETRAP#크레모어_트랩#
124,0,0,5,0,0,0,99,0,0,none,0,0,0,0,0,0,0,0,0,0,0,0,0,0,0,0,0,0,0,0,0	//HT_REMOVETRAP#리무브_트랩#
125,0,0,1,0,0,0,99,0,0,none,0,1065,1,0,0,0,0,0,0,0,0,0,0,0,0,0,0,0,0,0,0	//HT_TALKIEBOX#토키_박스#

129,0,0,10:13:16:19:22,0,0,0,99,0,0,falcon,0,0,0,0,0,0,0,0,0,0,0,0,0,0,0,0,0,0,0,0,0	//HT_BLITZBEAT#블릿츠_비트#
130,0,0,8,0,0,0,99,0,0,falcon,0,0,0,0,0,0,0,0,0,0,0,0,0,0,0,0,0,0,0,0,0	//HT_DETECTING#디텍팅#
131,0,0,10,0,0,0,99,0,0,falcon,0,0,0,0,0,0,0,0,0,0,0,0,0,0,0,0,0,0,0,0,0	//HT_SPRINGTRAP#스프링_트랩#

135,0,0,15,0,0,0,99,0,0,none,0,0,0,0,0,0,0,0,0,0,0,0,0,0,0,0,0,0,0,0,0	//AS_CLOAKING#클로킹#
136,0,0,16:18:20:22:24:26:28:30:32:34,0,0,0,16,0,0,none,0,0,0,0,0,0,0,0,0,0,0,0,0,0,0,0,0,0,0,0,0	//AS_SONICBLOW#소닉_블로우#
137,0,0,3,0,0,0,16,0,0,hiding,0,0,0,0,0,0,0,0,0,0,0,0,0,0,0,0,0,0,0,0,0	//AS_GRIMTOOTH#그림투스#
138,0,0,20,0,0,0,99,0,0,none,0,0,0,0,0,0,0,0,0,0,0,0,0,0,0,0,0,0,0,0,0	//AS_ENCHANTPOISON#인찬트_포이즌#
139,0,0,20:25:30:35:40:45:50:55:60:45,0,0,0,99,0,0,none,0,0,0,0,0,0,0,0,0,0,0,0,0,0,0,0,0,0,0,0,0	//AS_POISONREACT#포이즌_리액트#
140,0,0,20,0,0,0,99,0,0,none,0,716,1,0,0,0,0,0,0,0,0,0,0,0,0,0,0,0,0,0,0	//AS_VENOMDUST#베넘_더스트#
141,0,0,12:14:16:18:20:22:24:26:28:30,0,0,0,99,0,0,none,0,716,1,0,0,0,0,0,0,0,0,0,0,0,0,0,0,0,0,0,0	//AS_SPLASHER#베넘_스플래셔#
142,0,0,3,0,0,0,99,0,0,none,0,0,0,0,0,0,0,0,0,0,0,0,0,0,0,0,0,0,0,0,0	//NV_FIRSTAID#응급_치료#
143,0,0,5,0,0,0,99,0,0,none,0,0,0,0,0,0,0,0,0,0,0,0,0,0,0,0,0,0,0,0,0	//NV_TRICKDEAD#죽은척하기#

146,0,0,1,0,0,0,99,0,0,none,0,0,0,0,0,0,0,0,0,0,0,0,0,0,0,0,0,0,0,0,0	//SM_AUTOBERSERK#오토_버서크#
147,0,0,10,0,0,0,99,0,0,recover_weight_rate,0,0,0,0,0,0,0,0,0,0,0,0,0,0,0,0,0,0,0,0,0	//AC_MAKINGARROW#화살_만들기#
148,0,0,15,0,0,0,11,1,1,none,0,0,0,0,0,0,0,0,0,0,0,0,0,0,0,0,0,0,0,0,0	//AC_CHARGEARROW#챠지_애로우#
149,0,0,9,0,0,0,99,0,0,none,0,0,0,0,0,0,0,0,0,0,0,0,0,0,0,0,0,0,0,0,0	//TF_SPRINKLESAND#모래_뿌리기#
150,0,0,7,0,0,0,99,0,0,none,0,0,0,0,0,0,0,0,0,0,0,0,0,0,0,0,0,0,0,0,0	//TF_BACKSLIDING#백_슬라이딩#
151,0,0,3,0,0,0,99,0,0,recover_weight_rate,0,0,0,0,0,0,0,0,0,0,0,0,0,0,0,0,0,0,0,0,0	//TF_PICKSTONE#돌_줍기#
152,0,0,2,0,0,0,99,0,0,none,0,7049,1,0,0,0,0,0,0,0,0,0,0,0,0,0,0,0,0,0,0	//TF_THROWSTONE#돌_던지기#
153,0,0,12,0,0,0,99,0,0,cart,0,0,0,0,0,0,0,0,0,0,0,0,0,0,0,0,0,0,0,0,0	//MC_CARTREVOLUTION#카트_레볼루션#
154,0,0,40,0,0,0,99,0,0,cart,0,0,0,0,0,0,0,0,0,0,0,0,0,0,0,0,0,0,0,0,0	//MC_CHANGECART#체인지_카트#
155,0,0,8,0,0,0,99,0,0,none,0,0,0,0,0,0,0,0,0,0,0,0,0,0,0,0,0,0,0,0,0	//MC_LOUD#고성방가#
156,0,0,15,0,0,0,99,0,0,none,0,0,0,0,0,0,0,0,0,0,0,0,0,0,0,0,0,0,0,0,0	//AL_HOLYLIGHT#홀리_라이트#
157,0,0,30,0,0,0,99,0,0,none,0,0,0,0,0,0,0,0,0,0,0,0,0,0,0,0,0,0,0,0,0	//MG_ENERGYCOAT#에너지_코트#

211,0,0,15,0,0,0,99,0,0,none,0,0,0,0,0,0,0,0,0,0,0,0,0,0,0,0,0,0,0,0,0	//RG_STEALCOIN#스틸_코인#
212,0,0,16,0,0,0,99,0,0,none,0,0,0,0,0,0,0,0,0,0,0,0,0,0,0,0,0,0,0,0,0	//RG_BACKSTAP#백_스탭#

214,0,0,20,0,0,0,99,0,0,hiding,0,0,0,0,0,0,0,0,0,0,0,0,0,0,0,0,0,0,0,0,0	//RG_RAID#기습#
215,0,0,17:19:21:23:25,0,0,0,99,0,0,none,0,0,0,0,0,0,0,0,0,0,0,0,0,0,0,0,0,0,0,0,0	//RG_STRIPWEAPON#스트립_웨폰#
216,0,0,12:14:16:18:20,0,0,0,99,0,0,none,0,0,0,0,0,0,0,0,0,0,0,0,0,0,0,0,0,0,0,0,0	//RG_STRIPSHIELD#스트립_쉴드#
217,0,0,17:19:21:23:25,0,0,0,99,0,0,none,0,0,0,0,0,0,0,0,0,0,0,0,0,0,0,0,0,0,0,0,0	//RG_STRIPARMOR#스트립_아머#
218,0,0,12:14:16:18:20,0,0,0,99,0,0,none,0,0,0,0,0,0,0,0,0,0,0,0,0,0,0,0,0,0,0,0,0	//RG_STRIPHELM#스트립_헬름#
219,0,0,13:16:19:22:25,0,0,0,99,0,0,none,0,0,0,0,0,0,0,0,0,0,0,0,0,0,0,0,0,0,0,0,0	//RG_INTIMIDATE#인티머데이트#
220,0,0,15,0,0,0,99,0,0,none,0,716,1,0,0,0,0,0,0,0,0,0,0,0,0,0,0,0,0,0,0	//RG_GRAFFITI#그래피티#
221,0,0,10,0,0,0,99,0,0,none,0,0,0,0,0,0,0,0,0,0,0,0,0,0,0,0,0,0,0,0,0	//RG_FLAGGRAFFITI#플래그_그래피티#
222,0,0,5,0,0,0,99,0,0,none,0,0,0,0,0,0,0,0,0,0,0,0,0,0,0,0,0,0,0,0,0	//RG_CLEANER#클리너#

228,0,0,5,0,0,0,99,0,0,none,0,7134,1,0,0,0,0,0,0,0,0,0,0,0,0,0,0,0,0,0,0	//AM_PHARMACY#파머시#
229,0,0,10,0,0,0,99,0,0,none,0,7135,1,0,0,0,0,0,0,0,0,0,0,0,0,0,0,0,0,0,0	//AM_DEMONSTRATION#데몬스트레이션#
230,0,0,15,0,0,0,99,0,0,none,0,7136,1,0,0,0,0,0,0,0,0,0,0,0,0,0,0,0,0,0,0	//AM_ACIDTERROR#애시드_테러#
231,0,0,1,0,0,0,99,0,0,none,0,501,1,502,1,503,1,504,1,505,1,522,1,526,1,608,1,607,1,657,1	//AM_POTIONPITCHER#포션_피쳐#
232,0,0,20,0,0,0,99,0,0,none,0,7137,1,0,0,0,0,0,0,0,0,0,0,0,0,0,0,0,0,0,0	//AM_CANNIBALIZE#바이오_캐니벌라이즈#
233,0,0,10,0,0,0,99,0,0,none,0,7138,1,0,0,0,0,0,0,0,0,0,0,0,0,0,0,0,0,0,0	//AM_SPHEREMINE#스피어_마인#
234,0,0,30,0,0,0,99,0,0,none,0,7139,1,0,0,0,0,0,0,0,0,0,0,0,0,0,0,0,0,0,0	//AM_CP_WEAPON#케미칼_프로텍션(웨폰)#
235,0,0,25,0,0,0,99,0,0,none,0,7139,1,0,0,0,0,0,0,0,0,0,0,0,0,0,0,0,0,0,0	//AM_CP_SHIELD#케미칼_프로텍션(쉴드)#
236,0,0,25,0,0,0,99,0,0,none,0,7139,1,0,0,0,0,0,0,0,0,0,0,0,0,0,0,0,0,0,0	//AM_CP_ARMOR#케미칼_프로텍션(아머)#
237,0,0,25,0,0,0,99,0,0,none,0,7139,1,0,0,0,0,0,0,0,0,0,0,0,0,0,0,0,0,0,0	//AM_CP_HELM#케미칼_프로텍션(헬름)#

243,0,0,10,0,0,0,99,0,0,none,0,7142,1,0,0,0,0,0,0,0,0,0,0,0,0,0,0,0,0,0,0	//AM_CALLHOMUNCULUS#콜_호문클루스#
244,0,0,50,0,0,0,99,0,0,none,0,0,0,0,0,0,0,0,0,0,0,0,0,0,0,0,0,0,0,0,0	//AM_REST#안식#
247,0,0,74:68:62:56:50,0,0,0,99,0,0,none,0,0,0,0,0,0,0,0,0,0,0,0,0,0,0,0,0,0,0,0,0	//AM_RESURRECTHOMUN#리저랙션_호문클루스#

249,0,0,12:14:16:18:20:22:24:26:28:30,0,0,0,99,0,0,shield,0,0,0,0,0,0,0,0,0,0,0,0,0,0,0,0,0,0,0,0,0	//CR_AUTOGUARD#오토_가드#
250,0,0,10,0,0,0,99,0,0,shield,0,0,0,0,0,0,0,0,0,0,0,0,0,0,0,0,0,0,0,0,0	//CR_SHIELDCHARGE#쉴드_챠지#
251,0,0,12,0,0,0,99,0,0,shield,0,0,0,0,0,0,0,0,0,0,0,0,0,0,0,0,0,0,0,0,0	//CR_SHIELDBOOMERANG#쉴드_부메랑#
252,0,0,35:40:45:50:55:60:65:70:75:80,0,0,0,99,0,0,shield,0,0,0,0,0,0,0,0,0,0,0,0,0,0,0,0,0,0,0,0,0	//CR_REFLECTSHIELD#리플렉트_쉴드#
253,0,0,11:12:13:14:15:16:17:18:19:20,0,0,0,99,0,0,none,0,0,0,0,0,0,0,0,0,0,0,0,0,0,0,0,0,0,0,0,0	//CR_HOLYCROSS#홀리_크로스#
254,0,0,37:44:51:58:65:72:79:86:93:100,20,0,0,99,0,0,none,0,0,0,0,0,0,0,0,0,0,0,0,0,0,0,0,0,0,0,0,0	//CR_GRANDCROSS#그랜드_크로스#
255,0,0,25,0,0,0,99,0,0,none,0,0,0,0,0,0,0,0,0,0,0,0,0,0,0,0,0,0,0,0,0	//CR_DEVOTION#헌신#
256,0,0,30,0,0,0,99,0,0,none,0,0,0,0,0,0,0,0,0,0,0,0,0,0,0,0,0,0,0,0,0	//CR_PROVIDENCE#신의_뜻#
257,0,0,30,0,0,0,99,0,0,shield,0,0,0,0,0,0,0,0,0,0,0,0,0,0,0,0,0,0,0,0,0	//CR_DEFENDER#디펜더#
258,0,0,24:28:32:36:40:44:48:52:56:60,0,0,0,5,0,0,none,0,0,0,0,0,0,0,0,0,0,0,0,0,0,0,0,0,0,0,0,0	//CR_SPEARQUICKEN#스피어_퀴큰#

261,0,0,8,0,0,0,99,0,0,none,0,0,0,0,0,0,0,0,0,0,0,0,0,0,0,0,0,0,0,0,0	//MO_CALLSPIRITS#축기(畜氣)#
262,0,0,5,0,0,0,99,0,0,none,0,0,0,0,0,0,0,0,0,0,0,0,0,0,0,0,0,0,0,0,0	//MO_ABSORBSPIRITS#흡기(吸氣)#

264,0,0,14,0,0,0,99,0,0,none,1,0,0,0,0,0,0,0,0,0,0,0,0,0,0,0,0,0,0,0,0	//MO_BODYRELOCATION#궁신탄영(弓身彈影)#

266,0,0,10:14:17:19:20,0,0,0,99,0,0,none,1,0,0,0,0,0,0,0,0,0,0,0,0,0,0,0,0,0,0,0,0	//MO_INVESTIGATE#침투경(浸透勁)#
267,0,0,10,0,0,0,99,0,0,none,1:2:3:4:5,0,0,0,0,0,0,0,0,0,0,0,0,0,0,0,0,0,0,0,0	//MO_FINGEROFFENSIVE#탄지신통(彈指神通)#
268,0,0,1,0,50,0,99,0,0,none,5,0,0,0,0,0,0,0,0,0,0,0,0,0,0,0,0,0,0,0,0	//MO_STEELBODY#금강불괴(金剛不壞)#
269,0,0,10,0,0,0,0:1:2:3:4:5:6:7:8:9:10:12:13:14:15:16:17:18:19:20:21:22,0,0,none,1,0,0,0,0,0,0,0,0,0,0,0,0,0,0,0,0,0,0,0,0	//MO_BLADESTOP#진검백파도(眞劍百破道)#
270,0,0,15,0,0,0,99,0,0,none,5,0,0,0,0,0,0,0,0,0,0,0,0,0,0,0,0,0,0,0,0	//MO_EXPLOSIONSPIRITS#폭기(爆氣)#
271,0,0,1,0,0,0,0:1:2:3:4:5:6:7:8:9:10:12:13:14:15:16:17:18:19:20:21:22,0,0,explosionspirits,5,0,0,0,0,0,0,0,0,0,0,0,0,0,0,0,0,0,0,0,0	//MO_EXTREMITYFIST#아수라_패황권(阿修羅覇凰拳)#
272,0,0,11:12:13:14:15,0,0,0,0:1:2:3:4:5:6:7:8:9:10:12:13:14:15:16:17:18:19:20:21:22,0,0,none,0,0,0,0,0,0,0,0,0,0,0,0,0,0,0,0,0,0,0,0,0	//MO_CHAINCOMBO#연환전신장(連環全身掌)#
273,0,0,11:12:13:14:15,0,0,0,0:1:2:3:4:5:6:7:8:9:10:12:13:14:15:16:17:18:19:20:21:22,0,0,none,1,0,0,0,0,0,0,0,0,0,0,0,0,0,0,0,0,0,0,0,0	//MO_COMBOFINISH#맹룡과강(猛龍誇强)#

275,0,0,2,0,0,0,99,0,0,none,0,0,0,0,0,0,0,0,0,0,0,0,0,0,0,0,0,0,0,0,0	//SA_CASTCANCEL#캐스트_캔슬#
276,0,0,2,0,0,0,99,0,0,none,0,0,0,0,0,0,0,0,0,0,0,0,0,0,0,0,0,0,0,0,0	//SA_MAGICROD#매직_로드#
277,0,0,10,0,0,0,99,0,0,none,0,0,0,0,0,0,0,0,0,0,0,0,0,0,0,0,0,0,0,0,0	//SA_SPELLBREAKER#스펠_브레이커#

279,0,0,35,0,0,0,99,0,0,none,0,0,0,0,0,0,0,0,0,0,0,0,0,0,0,0,0,0,0,0,0	//SA_AUTOSPELL#오토_스펠#
280,0,0,40,0,0,0,99,0,0,none,0,990,1,0,0,0,0,0,0,0,0,0,0,0,0,0,0,0,0,0,0	//SA_FLAMELAUNCHER#프레임_런쳐#
281,0,0,40,0,0,0,99,0,0,none,0,991,1,0,0,0,0,0,0,0,0,0,0,0,0,0,0,0,0,0,0	//SA_FROSTWEAPON#프로스트_웨폰#
282,0,0,40,0,0,0,99,0,0,none,0,992,1,0,0,0,0,0,0,0,0,0,0,0,0,0,0,0,0,0,0	//SA_LIGHTNINGLOADER#라이트닝_로더#
283,0,0,40,0,0,0,99,0,0,none,0,993,1,0,0,0,0,0,0,0,0,0,0,0,0,0,0,0,0,0,0	//SA_SEISMICWEAPON#사이즈믹_웨폰#

285,0,0,48:46:44:42:40,0,0,0,99,0,0,none,0,715,1,0,0,0,0,0,0,0,0,0,0,0,0,0,0,0,0,0,0	//SA_VOLCANO#볼케이노#
286,0,0,48:46:44:42:40,0,0,0,99,0,0,none,0,715,1,0,0,0,0,0,0,0,0,0,0,0,0,0,0,0,0,0,0	//SA_DELUGE#델류즈#
287,0,0,48:46:44:42:40,0,0,0,99,0,0,none,0,715,1,0,0,0,0,0,0,0,0,0,0,0,0,0,0,0,0,0,0	//SA_VIOLENTGALE#바이어런스_게일#
288,0,0,66:62:58:54:50,0,0,0,99,0,0,none,0,717,1,715,1,0,0,0,0,0,0,0,0,0,0,0,0,0,0,0,0	//SA_LANDPROTECTOR#랜드_프로텍터#
289,0,0,1,0,0,0,99,0,0,none,0,715,1,0,0,0,0,0,0,0,0,0,0,0,0,0,0,0,0,0,0	//SA_DISPELL#디스펠#
290,0,0,50,0,0,0,99,0,0,none,0,715,2,0,0,0,0,0,0,0,0,0,0,0,0,0,0,0,0,0,0	//SA_ABRACADABRA#아브라카다브라#
291,0,0,1,0,0,0,99,0,0,none,0,0,0,0,0,0,0,0,0,0,0,0,0,0,0,0,0,0,0,0,0	//SA_MONOCELL#모노_셀#
292,0,0,1,0,0,0,99,0,0,none,0,0,0,0,0,0,0,0,0,0,0,0,0,0,0,0,0,0,0,0,0	//SA_CLASSCHANGE#클래스_체인지#
293,0,0,1,0,0,0,99,0,0,none,0,0,0,0,0,0,0,0,0,0,0,0,0,0,0,0,0,0,0,0,0	//SA_SUMMONMONSTER#서먼_몬스터#
294,0,0,1,0,0,0,99,0,0,none,0,0,0,0,0,0,0,0,0,0,0,0,0,0,0,0,0,0,0,0,0	//SA_REVERSEORCISH#리버스_오키쉬#
295,0,0,1,0,0,0,99,0,0,none,0,0,0,0,0,0,0,0,0,0,0,0,0,0,0,0,0,0,0,0,0	//SA_DEATH#사신#
296,0,0,1,0,0,0,99,0,0,none,0,0,0,0,0,0,0,0,0,0,0,0,0,0,0,0,0,0,0,0,0	//SA_FORTUNE#포츈#
297,0,0,1,0,0,0,99,0,0,none,0,0,0,0,0,0,0,0,0,0,0,0,0,0,0,0,0,0,0,0,0	//SA_TAMINGMONSTER#테이밍_몬스터#
298,0,0,1,0,0,0,99,0,0,none,0,0,0,0,0,0,0,0,0,0,0,0,0,0,0,0,0,0,0,0,0	//SA_QUESTION#?#
299,0,0,1,0,0,0,99,0,0,none,0,0,0,0,0,0,0,0,0,0,0,0,0,0,0,0,0,0,0,0,0	//SA_GRAVITY#그라비티#
300,0,0,1,0,0,0,99,0,0,none,0,0,0,0,0,0,0,0,0,0,0,0,0,0,0,0,0,0,0,0,0	//SA_LEVELUP#레벨_업#
301,0,0,1,0,0,0,99,0,0,none,0,0,0,0,0,0,0,0,0,0,0,0,0,0,0,0,0,0,0,0,0	//SA_INSTANTDEATH#즉사#
302,0,0,1,0,0,0,99,0,0,none,0,0,0,0,0,0,0,0,0,0,0,0,0,0,0,0,0,0,0,0,0	//SA_FULLRECOVERY#완전회복#
303,0,0,1,0,0,0,99,0,0,none,0,0,0,0,0,0,0,0,0,0,0,0,0,0,0,0,0,0,0,0,0	//SA_COMA#코마#

304,0,0,1,0,0,0,99,0,0,none,0,0,0,0,0,0,0,0,0,0,0,0,0,0,0,0,0,0,0,0,0	//BD_ADAPTATION#임기응변#
305,0,0,1,0,0,0,13:14,0,0,none,0,0,0,0,0,0,0,0,0,0,0,0,0,0,0,0,0,0,0,0,0	//BD_ENCORE#앵콜#
306,0,0,20,0,0,0,13:14,0,0,none,0,0,0,0,0,0,0,0,0,0,0,0,0,0,0,0,0,0,0,0,0	//BD_LULLABY#자장가#
307,0,0,20,0,0,0,13:14,0,0,none,0,0,0,0,0,0,0,0,0,0,0,0,0,0,0,0,0,0,0,0,0	//BD_RICHMANKIM#김서방_돈벌었네#
308,0,0,30,0,0,0,13:14,0,0,none,0,0,0,0,0,0,0,0,0,0,0,0,0,0,0,0,0,0,0,0,0	//BD_ETERNALCHAOS#영원의_혼돈#
309,0,0,38:41:44:47:50,0,0,0,13:14,0,0,none,0,0,0,0,0,0,0,0,0,0,0,0,0,0,0,0,0,0,0,0,0	//BD_DRUMBATTLEFIELD#전장의_북소리#
310,0,0,38:41:44:47:50,0,0,0,13:14,0,0,none,0,0,0,0,0,0,0,0,0,0,0,0,0,0,0,0,0,0,0,0,0	//BD_RINGNIBELUNGEN#니벨룽겐의_반지#
311,0,0,15,0,0,0,13:14,0,0,none,0,0,0,0,0,0,0,0,0,0,0,0,0,0,0,0,0,0,0,0,0	//BD_ROKISWEIL#울부짖는_로키#
312,0,0,10,0,0,0,13:14,0,0,none,0,0,0,0,0,0,0,0,0,0,0,0,0,0,0,0,0,0,0,0,0	//BD_INTOABYSS#심연속으로#
313,0,0,20,0,0,0,13:14,0,0,none,0,0,0,0,0,0,0,0,0,0,0,0,0,0,0,0,0,0,0,0,0	//BD_SIEGFRIED#불사신_지크프리드#

316,0,0,1:3:5:7:9,0,0,0,13,1,1,none,0,0,0,0,0,0,0,0,0,0,0,0,0,0,0,0,0,0,0,0,0	//BA_MUSICALSTRIKE#뮤지컬_스트라이크#
317,0,0,18:21:24:27:30,0,0,0,13,0,0,none,0,0,0,0,0,0,0,0,0,0,0,0,0,0,0,0,0,0,0,0,0	//BA_DISSONANCE#불협화음#
318,0,0,12:14:16:18:20,0,0,0,99,0,0,none,0,0,0,0,0,0,0,0,0,0,0,0,0,0,0,0,0,0,0,0,0	//BA_FROSTJOKE#썰렁한_농담#
319,0,0,24:28:32:36:40:44:48:52:56:60,0,0,0,13:14,0,0,none,0,0,0,0,0,0,0,0,0,0,0,0,0,0,0,0,0,0,0,0,0	//BA_WHISTLE#휘파람#
320,0,0,38:41:44:47:50:53:56:59:62:65,0,0,0,13:14,0,0,none,0,0,0,0,0,0,0,0,0,0,0,0,0,0,0,0,0,0,0,0,0	//BA_ASSASSINCROSS#석양의_어세신_크로스#
321,0,0,40:45:50:55:60:65:70:75:80:85,0,0,0,13:14,0,0,none,0,0,0,0,0,0,0,0,0,0,0,0,0,0,0,0,0,0,0,0,0	//BA_POEMBRAGI#브라기의_시#
322,0,0,40:45:50:55:60:65:70:75:80:85,0,0,0,13:14,0,0,none,0,0,0,0,0,0,0,0,0,0,0,0,0,0,0,0,0,0,0,0,0	//BA_APPLEIDUN#이둔의_사과#

324,0,0,1:3:5:7:9,0,0,0,14,1,1,none,0,0,0,0,0,0,0,0,0,0,0,0,0,0,0,0,0,0,0,0,0	//DC_THROWARROW#화살_감아_던지기#
325,0,0,23:26:29:32:35,0,0,0,14,0,0,none,0,0,0,0,0,0,0,0,0,0,0,0,0,0,0,0,0,0,0,0,0	//DC_UGLYDANCE#막춤#
326,0,0,12:14:16:18:20,0,0,0,99,0,0,none,0,0,0,0,0,0,0,0,0,0,0,0,0,0,0,0,0,0,0,0,0	//DC_SCREAM#비명지르기#
327,0,0,22:24:26:28:30:32:34:36:38:40,0,0,0,13:14,0,0,none,0,0,0,0,0,0,0,0,0,0,0,0,0,0,0,0,0,0,0,0,0	//DC_HUMMING#흥얼거림#
328,0,0,28:31:34:37:40:43:46:49:52:55,0,0,0,13:14,0,0,none,0,0,0,0,0,0,0,0,0,0,0,0,0,0,0,0,0,0,0,0,0	//DC_DONTFORGETME#나를_잊지_말아요#
329,0,0,43:46:49:52:55:58:61:64:67:70,0,0,0,13:14,0,0,none,0,0,0,0,0,0,0,0,0,0,0,0,0,0,0,0,0,0,0,0,0	//DC_FORTUNEKISS#행운의_키스#
330,0,0,40:45:50:55:60:65:70:75:80:85,0,0,0,13:14,0,0,none,0,0,0,0,0,0,0,0,0,0,0,0,0,0,0,0,0,0,0,0,0	//DC_SERVICEFORYOU#당신을_위한_서비스#

334,0,0,1,-10,0,0,99,0,0,none,0,0,0,0,0,0,0,0,0,0,0,0,0,0,0,0,0,0,0,0,0	//WE_MALE#당신만은_지킬께요#
335,0,0,1,0,-10,0,99,0,0,none,0,0,0,0,0,0,0,0,0,0,0,0,0,0,0,0,0,0,0,0,0	//WE_FEMALE#당신을_위해서_희생할께요#
336,0,0,1,0,0,0,99,0,0,none,0,0,0,0,0,0,0,0,0,0,0,0,0,0,0,0,0,0,0,0,0	//WE_CALLPARTNER#당신이_보고싶어요#
337,0,0,1,0,0,0,99,0,0,none,0,0,0,0,0,0,0,0,0,0,0,0,0,0,0,0,0,0,0,0,0	//ITM_TOMAHAWK#토마호크_던지기#

355,0,0,18:26:34:42:50,0,0,0,1:2:3:4:5:6:7:8:9:10:11:12:13:14:15:16:17:18:19:20:21:22,0,0,none,0,0,0,0,0,0,0,0,0,0,0,0,0,0,0,0,0,0,0,0,0	//LK_AURABLADE#오라_블레이드#
356,0,0,50,0,0,0,3,0,0,none,0,0,0,0,0,0,0,0,0,0,0,0,0,0,0,0,0,0,0,0,0	//LK_PARRYING#패링#
357,0,0,14:18:22:26:30,0,0,0,99,0,0,none,0,0,0,0,0,0,0,0,0,0,0,0,0,0,0,0,0,0,0,0,0	//LK_CONCENTRATION#컨센트레이션#
358,0,0,15,0,0,0,99,0,0,none,0,0,0,0,0,0,0,0,0,0,0,0,0,0,0,0,0,0,0,0,0	//LK_TENSIONRELAX#텐션_릴렉스#
359,0,0,200,0,0,0,99,0,0,none,0,0,0,0,0,0,0,0,0,0,0,0,0,0,0,0,0,0,0,0,0	//LK_BERSERK#버서크#
361,0,0,20:30:40:50:60,0,0,0,99,0,0,none,0,0,0,0,0,0,0,0,0,0,0,0,0,0,0,0,0,0,0,0,0	//HP_ASSUMPTIO#아숨프티오#
362,0,0,80:90:100:110:120,0,0,0,99,0,0,none,0,715,1,716,1,717,1,523,1,0,0,0,0,0,0,0,0,0,0,0,0	//HP_BASILICA#바실리카#

365,0,0,8,0,0,0,99,0,0,none,0,0,0,0,0,0,0,0,0,0,0,0,0,0,0,0,0,0,0,0,0	//HW_MAGICCRASHER#매직_크래셔#
366,0,0,14:18:22:26:30:34:38:42:46:50,0,0,0,99,0,0,none,0,0,0,0,0,0,0,0,0,0,0,0,0,0,0,0,0,0,0,0,0	//HW_MAGICPOWER#마법력_증폭#
367,0,0,30:35:40:45:50,0,0,0,99,0,0,none,0,0,0,0,0,0,0,0,0,0,0,0,0,0,0,0,0,0,0,0,0	//PA_PRESSURE#프레셔#
368,0,0,100,0,0,0,99,0,0,none,0,0,0,0,0,0,0,0,0,0,0,0,0,0,0,0,0,0,0,0,0	//PA_SACRIFICE#세크리파이스#
369,0,0,80:80:80:80:80:100:100:100:100:100,0,0,0,99,0,0,none,0,0,0,0,0,0,0,0,0,0,0,0,0,0,0,0,0,0,0,0,0	//PA_GOSPEL#가스펠#
370,0,0,2:4:6:8:10,0,0,0,99,0,0,explosionspirits,0,0,0,0,0,0,0,0,0,0,0,0,0,0,0,0,0,0,0,0,0	//CH_PALMSTRIKE#맹호경파산_(猛虎硬派山)#
371,0,0,4:6:8:10:12,0,0,0,99,0,0,none,1,0,0,0,0,0,0,0,0,0,0,0,0,0,0,0,0,0,0,0,0	//CH_TIGERFIST#복호권_(伏虎拳)#
372,0,0,4:6:8:10:12:14:16:18:20:22,0,0,0,99,0,0,none,2,0,0,0,0,0,0,0,0,0,0,0,0,0,0,0,0,0,0,0,0	//CH_CHAINCRUSH#연주붕격_(聯柱崩擊)#
373,0,0,1:2:3:4:5,0,0,0,99,0,0,none,0,0,0,0,0,0,0,0,0,0,0,0,0,0,0,0,0,0,0,0,0	//PF_HPCONVERSION#라이프_치환#
374,0,0,5,0,0,0,99,0,0,none,0,0,0,0,0,0,0,0,0,0,0,0,0,0,0,0,0,0,0,0,0	//PF_SOULCHANGE#소울_체인지#
375,0,0,80:90:100:110:120,0,0,0,99,0,0,none,0,0,0,0,0,0,0,0,0,0,0,0,0,0,0,0,0,0,0,0,0	//PF_SOULBURN#소울_번#

378,0,0,60:70:80:90:100,0,0,0,99,0,0,none,0,678,1,0,0,0,0,0,0,0,0,0,0,0,0,0,0,0,0,0,0	//ASC_EDP#치명적인_독_부여#
379,0,0,20:20:20:20:20:30:30:30:30:30,0,0,0,99,0,0,none,0,0,0,0,0,0,0,0,0,0,0,0,0,0,0,0,0,0,0,0,0	//ASC_BREAKER#기공포#
380,0,0,20:20:25:25:30:30:35:35:40:40,0,0,0,99,0,0,none,0,0,0,0,0,0,0,0,0,0,0,0,0,0,0,0,0,0,0,0,0	//SN_SIGHT#트루_사이트#
381,0,0,30:34:38:42:46,0,0,0,99,0,0,falcon,0,0,0,0,0,0,0,0,0,0,0,0,0,0,0,0,0,0,0,0,0	//SN_FALCONASSAULT#팔콘_어절트#
382,0,0,18:21:24:27:30,0,0,0,11,1,1,none,0,0,0,0,0,0,0,0,0,0,0,0,0,0,0,0,0,0,0,0,0		//SN_SHARPSHOOTING#샤프슈팅#
383,0,0,46:52:58:64:70:76:82:88:94:100,0,0,0,99,0,0,none,0,0,0,0,0,0,0,0,0,0,0,0,0,0,0,0,0,0,0,0,0	//SN_WINDWALK#윈드_워크#
384,0,0,50:50:60:60:70:70:80:80:90:90,0,0,0,99,0,0,none,0,0,0,0,0,0,0,0,0,0,0,0,0,0,0,0,0,0,0,0,0	//WS_MELTDOWN#멜트다운#
385,0,0,5,0,0,0,99,0,0,none,0,0,0,0,0,0,0,0,0,0,0,0,0,0,0,0,0,0,0,0,0	//WS_CREATECOIN#동전제조#
386,0,0,5,0,0,0,99,0,0,none,0,0,0,0,0,0,0,0,0,0,0,0,0,0,0,0,0,0,0,0,0	//WS_CREATENUGGET#괴(塊)_제조#
387,0,0,20,0,0,0,99,0,0,cart,0,0,0,0,0,0,0,0,0,0,0,0,0,0,0,0,0,0,0,0,0	//WS_CARTBOOST#카트_부스트#
388,0,0,20,0,0,0,99,0,0,none,0,7137,1,0,0,0,0,0,0,0,0,0,0,0,0,0,0,0,0,0,0	//WS_SYSTEMCREATE#자동공격장치_제작#
389,0,0,10,0,0,0,99,0,0,none,0,0,0,0,0,0,0,0,0,0,0,0,0,0,0,0,0,0,0,0,0	//ST_CHASEWALK#체이스_워크#
390,0,0,10:15:20:25:30,0,0,0,99,0,0,none,0,0,0,0,0,0,0,0,0,0,0,0,0,0,0,0,0,0,0,0,0	//ST_REJECTSWORD#소드_리젝트#

394,0,0,12:14:16:18:20:22:24:26:28:30,0,0,0,13:14,1,1,none,0,0,0,0,0,0,0,0,0,0,0,0,0,0,0,0,0,0,0,0,0	//CG_ARROWVULCAN#애로우_발칸#
395,0,0,30:40:50:60:70,0,0,0,13:14,0,0,none,0,0,0,0,0,0,0,0,0,0,0,0,0,0,0,0,0,0,0,0,0	//CG_MOONLIT#달빛_물레방앗간에_떨어지는_꽃잎#
396,0,0,100,0,0,0,99,0,0,none,0,0,0,0,0,0,0,0,0,0,0,0,0,0,0,0,0,0,0,0,0	//CG_MARIONETTE#마리오네트_컨트롤#
397,0,0,18:21:24:27:30,0,0,0,4:5,0,0,none,0,0,0,0,0,0,0,0,0,0,0,0,0,0,0,0,0,0,0,0,0	//LK_SPIRALPIERCE#스파이럴_피어스#
398,0,0,23,0,0,0,99,0,0,none,0,0,0,0,0,0,0,0,0,0,0,0,0,0,0,0,0,0,0,0,0	//LK_HEADCRUSH#헤드_크러쉬#
399,0,0,12:12:14:14:16:16:18:18:20:20,0,0,0,4:5,0,0,none,0,0,0,0,0,0,0,0,0,0,0,0,0,0,0,0,0,0,0,0,0	//LK_JOINTBEAT#조인트_비트#
400,0,0,10:25:40:55:70,0,0,0,99,0,0,none,0,0,0,0,0,0,0,0,0,0,0,0,0,0,0,0,0,0,0,0,0	//HW_NAPALMVULCAN#네이팜_발칸#
401,0,0,20,0,0,0,99,0,0,none,0,0,0,0,0,0,0,0,0,0,0,0,0,0,0,0,0,0,0,0,0	//CH_SOULCOLLECT#광축기(狂蓄氣)#
402,0,0,12:15:18:21:24,0,0,0,99,0,0,none,0,0,0,0,0,0,0,0,0,0,0,0,0,0,0,0,0,0,0,0,0	//PF_MINDBREAKER#마인드_브레이커#
403,0,0,1,0,0,0,99,0,0,none,0,0,0,0,0,0,0,0,0,0,0,0,0,0,0,0,0,0,0,0,0	//PF_MEMORIZE#메모라이즈#
404,0,0,25,0,0,0,99,0,0,none,0,0,0,0,0,0,0,0,0,0,0,0,0,0,0,0,0,0,0,0,0	//PF_FOGWALL#월_오브_포그#
405,0,0,50,0,0,0,99,0,0,none,0,1025,1,0,0,0,0,0,0,0,0,0,0,0,0,0,0,0,0,0,0	//PF_SPIDERWEB#스파이더_웹#
406,0,0,10:12:14:16:18:20:22:24:26:28,0,0,0,99,0,0,none,0,0,0,0,0,0,0,0,0,0,0,0,0,0,0,0,0,0,0,0,0	//ASC_METEORASSAULT#메테오_어절트#
407,0,0,50,0,0,0,99,0,0,none,0,0,0,0,0,0,0,0,0,0,0,0,0,0,0,0,0,0,0,0,0	//ASC_CDP#치명적인_독_생산#
408,0,0,1,0,-10,0,99,0,0,none,0,0,0,0,0,0,0,0,0,0,0,0,0,0,0,0,0,0,0,0,0	//WE_BABY#엄마_아빠_사랑해요#
409,0,0,1,0,0,0,99,0,0,none,0,0,0,0,0,0,0,0,0,0,0,0,0,0,0,0,0,0,0,0,0	//WE_CALLPARENT#엄마_아빠_보고싶어요#
410,0,0,1,0,0,0,99,0,0,none,0,0,0,0,0,0,0,0,0,0,0,0,0,0,0,0,0,0,0,0,0	//WE_CALLBABY#아가야_이리오렴#
411,0,0,100:90:80:70:60:50:40:30:20:10,0,0,0,99,0,0,move_enable,0,0,0,0,0,0,0,0,0,0,0,0,0,0,0,0,0,0,0,0,0	//TK_RUN#달리기#
412,0,0,1,0,0,0,99,0,0,none,0,0,0,0,0,0,0,0,0,0,0,0,0,0,0,0,0,0,0,0,0	//TK_READYSTORM#회오리_준비#
413,0,0,14:12:10:8:6:4:2,0,0,0,99,0,0,none,0,0,0,0,0,0,0,0,0,0,0,0,0,0,0,0,0,0,0,0,0	//TK_STORMKICK#회오리차기#
414,0,0,1,0,0,0,99,0,0,none,0,0,0,0,0,0,0,0,0,0,0,0,0,0,0,0,0,0,0,0,0	//TK_READYDOWN#찍기_준비#
415,0,0,14:12:10:8:6:4:2,0,0,0,99,0,0,none,0,0,0,0,0,0,0,0,0,0,0,0,0,0,0,0,0,0,0,0,0	//TK_DOWNKICK#내려찍기#
416,0,0,1,0,0,0,99,0,0,none,0,0,0,0,0,0,0,0,0,0,0,0,0,0,0,0,0,0,0,0,0	//TK_READYTURN#차기_준비#
417,0,0,14:12:10:8:6:4:2,0,0,0,99,0,0,none,0,0,0,0,0,0,0,0,0,0,0,0,0,0,0,0,0,0,0,0,0	//TK_TURNKICK#돌려차기#
418,0,0,1,0,0,0,99,0,0,none,0,0,0,0,0,0,0,0,0,0,0,0,0,0,0,0,0,0,0,0,0	//TK_READYCOUNTER#카운터_준비#
419,0,0,14:12:10:8:6:4:2,0,0,0,99,0,0,none,0,0,0,0,0,0,0,0,0,0,0,0,0,0,0,0,0,0,0,0,0	//TK_COUNTERKICK#카운터차기#
420,0,0,1,0,0,0,99,0,0,none,0,0,0,0,0,0,0,0,0,0,0,0,0,0,0,0,0,0,0,0,0	//TK_DODGE#낙법#
421,0,0,70:60:50:40:30:20:10,0,0,0,99,0,0,none,0,0,0,0,0,0,0,0,0,0,0,0,0,0,0,0,0,0,0,0,0	//TK_JUMPKICK#날라차기#

425,0,0,20:20:20:20:50:50:50,0,0,0,99,0,0,none,0,0,0,0,0,0,0,0,0,0,0,0,0,0,0,0,0,0,0,0,0	//TK_SEVENWIND#따듯한_바람#
426,0,0,50,0,0,0,99,0,0,none,0,0,0,0,0,0,0,0,0,0,0,0,0,0,0,0,0,0,0,0,0	//TK_HIGHJUMP#높이뛰기#

427,0,0,100,0,0,0,99,0,0,none,0,0,0,0,0,0,0,0,0,0,0,0,0,0,0,0,0,0,0,0,0	//SG_FEEL#태양과_달과_별의_느낌#
428,0,0,20,0,0,0,99,0,0,none,0,0,0,0,0,0,0,0,0,0,0,0,0,0,0,0,0,0,0,0,0	//SG_SUN_WARM#태양의_따스함#
429,0,0,20,0,0,0,99,0,0,none,0,0,0,0,0,0,0,0,0,0,0,0,0,0,0,0,0,0,0,0,0	//SG_MOON_WARM#달의_따스함#
430,0,0,10,0,0,0,99,0,0,none,0,0,0,0,0,0,0,0,0,0,0,0,0,0,0,0,0,0,0,0,0	//SG_STAR_WARM#별의_따스함#
431,0,0,70:60:50:40,0,0,0,99,0,0,none,0,0,0,0,0,0,0,0,0,0,0,0,0,0,0,0,0,0,0,0,0	//SG_SUN_COMFORT#태양의_안락함#
432,0,0,70:60:50:40,0,0,0,99,0,0,none,0,0,0,0,0,0,0,0,0,0,0,0,0,0,0,0,0,0,0,0,0	//SG_MOON_COMFORT#달의_안락함#
433,0,0,70:60:50:40,0,0,0,99,0,0,none,0,0,0,0,0,0,0,0,0,0,0,0,0,0,0,0,0,0,0,0,0	//SG_STAR_COMFORT#별의_안락함#
434,0,0,100,0,0,0,99,0,0,none,0,0,0,0,0,0,0,0,0,0,0,0,0,0,0,0,0,0,0,0,0	//SG_HATE#태양과_달과_별의_증오#
444,0,0,100,0,0,0,99,0,0,none,0,0,0,0,0,0,0,0,0,0,0,0,0,0,0,0,0,0,0,0,0	//SG_FUSION#태양과_달과_별의_융합#

445,0,0,460:360:260:160:60,0,0,0,99,0,0,none,0,0,0,0,0,0,0,0,0,0,0,0,0,0,0,0,0,0,0,0,0	//SL_ALCHEMIST#알케미스트의_영혼#
446,0,0,10,0,8,0,99,0,0,none,0,657,2,0,0,0,0,0,0,0,0,0,0,0,0,0,0,0,0,0,0	//AM_BERSERKPITCHER#버서크_피쳐#
447,0,0,460:360:260:160:60,0,0,0,99,0,0,none,0,0,0,0,0,0,0,0,0,0,0,0,0,0,0,0,0,0,0,0,0	//SL_MONK#몽크의_영혼#
448,0,0,460:360:260:160:60,0,0,0,99,0,0,none,0,0,0,0,0,0,0,0,0,0,0,0,0,0,0,0,0,0,0,0,0	//SL_STAR#권성의_영혼#
449,0,0,460:360:260:160:60,0,0,0,99,0,0,none,0,0,0,0,0,0,0,0,0,0,0,0,0,0,0,0,0,0,0,0,0	//SL_SAGE#세이지의_영혼#
450,0,0,460:360:260:160:60,0,0,0,99,0,0,none,0,0,0,0,0,0,0,0,0,0,0,0,0,0,0,0,0,0,0,0,0	//SL_CRUSADER#크루세이더의_영혼#
451,0,0,460:360:260:160:60,0,0,0,99,0,0,none,0,0,0,0,0,0,0,0,0,0,0,0,0,0,0,0,0,0,0,0,0	//SL_SUPERNOVICE#슈퍼노비스의_영혼#
452,0,0,460:360:260:160:60,0,0,0,99,0,0,none,0,0,0,0,0,0,0,0,0,0,0,0,0,0,0,0,0,0,0,0,0	//SL_KNIGHT#기사의_영혼#
453,0,0,460:360:260:160:60,0,0,0,99,0,0,none,0,0,0,0,0,0,0,0,0,0,0,0,0,0,0,0,0,0,0,0,0	//SL_WIZARD#위저드의_영혼#
454,0,0,460:360:260:160:60,0,0,0,99,0,0,none,0,0,0,0,0,0,0,0,0,0,0,0,0,0,0,0,0,0,0,0,0	//SL_PRIEST#프리스트의_영혼#
455,0,0,460:360:260:160:60,0,0,0,99,0,0,none,0,0,0,0,0,0,0,0,0,0,0,0,0,0,0,0,0,0,0,0,0	//SL_BARDDANCER#바드와_댄서의_영혼#
456,0,0,460:360:260:160:60,0,0,0,99,0,0,none,0,0,0,0,0,0,0,0,0,0,0,0,0,0,0,0,0,0,0,0,0	//SL_ROGUE#로그의_영혼#
457,0,0,460:360:260:160:60,0,0,0,99,0,0,none,0,0,0,0,0,0,0,0,0,0,0,0,0,0,0,0,0,0,0,0,0	//SL_ASSASSIN#어쌔신의_영혼#
458,0,0,460:360:260:160:60,0,0,0,99,0,0,none,0,0,0,0,0,0,0,0,0,0,0,0,0,0,0,0,0,0,0,0,0	//SL_BLACKSMITH#블랙스미스의_영혼#
459,0,0,64,0,0,0,0:1:2:3:4:5:6:7:8:9:10:12:13:14:15:16,0,0,none,0,0,0,0,0,0,0,0,0,0,0,0,0,0,0,0,0,0,0,0,0	//BS_ADRENALINE2#풀_아드레날린_러쉬#
460,0,0,460:360:260:160:60,0,0,0,99,0,0,none,0,0,0,0,0,0,0,0,0,0,0,0,0,0,0,0,0,0,0,0,0	//SL_HUNTER#헌터의_영혼_#
461,0,0,460:360:260:160:60,0,0,0,99,0,0,none,0,0,0,0,0,0,0,0,0,0,0,0,0,0,0,0,0,0,0,0,0	//SL_SOULLINKER#소울링커의_영혼#
462,0,0,120:110:100:90:80:70:60,0,0,0,99,0,0,none,0,0,0,0,0,0,0,0,0,0,0,0,0,0,0,0,0,0,0,0,0 //SL_KAIZEL#카이젤#
463,0,0,30,0,0,0,99,0,0,none,0,0,0,0,0,0,0,0,0,0,0,0,0,0,0,0,0,0,0,0,0 //SL_KAAHI#카아히#
464,0,0,20:30:40,0,0,0,99,0,0,none,0,0,0,0,0,0,0,0,0,0,0,0,0,0,0,0,0,0,0,0,0 //SL_KAUPE#카우프#
465,0,0,70,0,0,0,99,0,0,none,0,0,0,0,0,0,0,0,0,0,0,0,0,0,0,0,0,0,0,0,0 //SL_KAITE#카이트#
467,0,0,18:20:22:24:26:28:30,0,0,0,99,0,0,none,0,0,0,0,0,0,0,0,0,0,0,0,0,0,0,0,0,0,0,0,0	//SL_STIN#에스틴#
468,0,0,18:20:22:24:26:28:30,0,0,0,99,0,0,none,0,0,0,0,0,0,0,0,0,0,0,0,0,0,0,0,0,0,0,0,0	//SL_STUN#에스턴#
469,0,0,8:16:24:32:40:48:56:64:72:80,0,0,0,99,0,0,none,0,0,0,0,0,0,0,0,0,0,0,0,0,0,0,0,0,0,0,0,0	//SL_SMA#에스마#
470,0,0,75:65:55:45:35:25:15,0,0,0,99,0,0,none,0,0,0,0,0,0,0,0,0,0,0,0,0,0,0,0,0,0,0,0,0 //SL_SWOO#에스우#
471,0,0,55:35:15,0,0,0,99,0,0,none,0,0,0,0,0,0,0,0,0,0,0,0,0,0,0,0,0,0,0,0,0 //SL_SKE#에스크#
472,0,0,100:80:60,0,0,0,99,0,0,none,0,0,0,0,0,0,0,0,0,0,0,0,0,0,0,0,0,0,0,0,0 //SL_SKA#에스카#

475,0,0,30,0,0,0,99,0,0,none,0,0,0,0,0,0,0,0,0,0,0,0,0,0,0,0,0,0,0,0,0	//ST_PRESERVE#프리저브#
476,0,0,22:24:26:28:30,0,0,0,99,0,0,none,0,0,0,0,0,0,0,0,0,0,0,0,0,0,0,0,0,0,0,0,0	//ST_FULLSTRIP#풀_스트립#
477,0,0,5,0,0,0,99,0,0,none,0,0,0,0,0,0,0,0,0,0,0,0,0,0,0,0,0,0,0,0,0	//WS_WEAPONREFINE#무기제련#
478,0,0,30,0,0,0,99,0,0,none,0,545,1,545,1,545,1,545,1,545,1,546,1,546,1,546,1,546,1,547,1	//CR_SLIMPITCHER#슬림_피쳐#
479,0,0,40,0,0,0,99,0,0,none,0,7139,1,0,0,0,0,0,0,0,0,0,0,0,0,0,0,0,0,0,0	//CR_FULLPROTECTION#풀_케미칼_프로텍션#
480,0,0,28:31:34:37:40,0,0,0,99,0,0,shield,0,0,0,0,0,0,0,0,0,0,0,0,0,0,0,0,0,0,0,0,0	//PA_SHIELDCHAIN#쉴드체인#

482,0,0,40:45:50:55:60,0,0,0,99,0,0,none,0,0,0,0,0,0,0,0,0,0,0,0,0,0,0,0,0,0,0,0,0	//PF_DOUBLECASTING#더블_캐스팅#
483,0,0,40,0,0,0,99,0,0,none,0,715,1,717,1,0,0,0,0,0,0,0,0,0,0,0,0,0,0,0,0	//HW_GANBANTEIN#간반테인#
484,0,0,20:40:60:80:100,0,0,0,99,0,0,none,0,717,1,0,0,0,0,0,0,0,0,0,0,0,0,0,0,0,0,0,0	//HW_GRAVITATION#그라비테이션_필드#
485,0,0,15,0,0,600:700:800:900:1000:1100:1200:1300:1400:1500,0:1:2:3:4:5:6:7:8:9:10:12:13:14:15:16:17:18:19:20:21:22,0,0,cartboost,0,0,0,0,0,0,0,0,0,0,0,0,0,0,0,0,0,0,0,0,0	//WS_CARTTERMINATION#카트_터미네이션#
486,0,0,15,0,0,3000:3500:4000:4500:5000,0:1:2:3:4:5:6:7:8:9:10:12:13:14:15:16:17:18:19:20:21:22,0,0,none,0,0,0,0,0,0,0,0,0,0,0,0,0,0,0,0,0,0,0,0,0	//WS_OVERTHRUSTMAX#오버트러스트_맥스#
487,0,0,15,0,0,0,99,0,0,none,0,0,0,0,0,0,0,0,0,0,0,0,0,0,0,0,0,0,0,0,0	//CG_LONGINGFREEDOM#나를_구속하지마#
488,0,0,20:30:40:50:60,0,0,0,13:14,0,0,none,0,0,0,0,0,0,0,0,0,0,0,0,0,0,0,0,0,0,0,0,0	//CG_HERMODE#헤르모드의_지팡이#
489,0,0,40,0,0,0,99,0,0,none,0,0,0,0,0,0,0,0,0,0,0,0,0,0,0,0,0,0,0,0,0	//CG_TAROTCARD#운명의_타로_카드#
490,0,0,30,0,0,0,99,0,0,none,0,7135,1,7136,1,0,0,0,0,0,0,0,0,0,0,0,0,0,0,0,0	//CR_ACIDDEMONSTRATION#애시드_데몬스트레이션#
491,0,0,10,0,0,0,99,0,0,none,0,921,1,905,1,0,0,0,0,0,0,0,0,0,0,0,0,0,0,0,0	//CR_CULTIVATION#식물_재배#
492,0,0,1,0,0,0,99,0,0,none,0,0,0,0,0,0,0,0,0,0,0,0,0,0,0,0,0,0,0,0,0	//ITEM_ENCHANTARMS#무기_인챈트#
493,0,0,10,0,0,0,99,0,0,none,0,0,0,0,0,0,0,0,0,0,0,0,0,0,0,0,0,0,0,0,0	//TK_MISSION#태권미션#
494,0,0,460:360:260:160:60,0,0,0,99,0,0,none,0,0,0,0,0,0,0,0,0,0,0,0,0,0,0,0,0,0,0,0,0	//SL_HIGH#일차상위직의_영혼#
495,0,0,100,0,0,0,2,0,0,none,0,0,0,0,0,0,0,0,0,0,0,0,0,0,0,0,0,0,0,0,0	//KN_ONEHAND#원핸드_퀴큰#
496,0,0,200,0,0,0,99,0,0,none,0,7134,200,0,0,0,0,0,0,0,0,0,0,0,0,0,0,0,0,0,0	//AM_TWILIGHT1#트와이라이트_파머시#
497,0,0,200,0,0,0,99,0,0,none,0,7134,200,0,0,0,0,0,0,0,0,0,0,0,0,0,0,0,0,0,0	//AM_TWILIGHT2#트와이라이트_파머시#
498,0,0,200,0,0,0,99,0,0,none,0,7134,200,0,0,0,0,0,0,0,0,0,0,0,0,0,0,0,0,0,0	//AM_TWILIGHT3#트와이라이트_파머시#
499,0,0,8,0,0,0,11,1,1,none,0,0,0,0,0,0,0,0,0,0,0,0,0,0,0,0,0,0,0,0,0	//HT_POWER#비스트_스트레이핑#
500,0,0,2,0,0,1,99,0,0,none,0,0,0,0,0,0,0,0,0,0,0,0,0,0,0,0,0,0,0,0,0	//GS_GLITTERING#플립_더_코인#
501,0,0,10,0,0,0,99,0,0,none,5,0,0,0,0,0,0,0,0,0,0,0,0,0,0,0,0,0,0,0,0	//GS_FLING#플링#
502,0,0,20,0,0,0,99,99,1,none,1,0,0,0,0,0,0,0,0,0,0,0,0,0,0,0,0,0,0,0,0	//GS_TRIPLEACTION#트리플_액션#
503,0,0,30,0,0,0,99,99,1,none,1,0,0,0,0,0,0,0,0,0,0,0,0,0,0,0,0,0,0,0,0	//GS_BULLSEYE#불스_아이#
504,0,0,30,0,0,0,99,0,0,none,4,0,0,0,0,0,0,0,0,0,0,0,0,0,0,0,0,0,0,0,0	//GS_MADNESSCANCEL#매드니스_캔슬러#
505,0,0,15,0,0,0,99,0,0,none,2,0,0,0,0,0,0,0,0,0,0,0,0,0,0,0,0,0,0,0,0	//GS_ADJUSTMENT#애드저스트먼트#
506,0,0,30,0,0,0,99,0,0,none,4,0,0,0,0,0,0,0,0,0,0,0,0,0,0,0,0,0,0,0,0	//GS_INCREASING#인크리징_어큐러시#
507,0,0,7,0,0,0,99,0,0,none,1,0,0,0,0,0,0,0,0,0,0,0,0,0,0,0,0,0,0,0,0	//GS_MAGICALBULLET#매지컬_블릿#
508,0,0,10,0,0,0,99,99,1,none,1,0,0,0,0,0,0,0,0,0,0,0,0,0,0,0,0,0,0,0,0	//GS_CRACKER#크래커#
512,0,0,15:20:25:30:35:40:45:50:55:60,0,0,0,17:18,3,1,none,0,0,0,0,0,0,0,0,0,0,0,0,0,0,0,0,0,0,0,0,0	//GS_TRACKING#트래킹#
513,0,0,15:20:25:30:35,0,0,0,17:18,3,1,none,0,0,0,0,0,0,0,0,0,0,0,0,0,0,0,0,0,0,0,0,0	//GS_DISARM#디스암#
514,0,0,11:12:13:14:15,0,0,0,17:18,3,1,none,0,0,0,0,0,0,0,0,0,0,0,0,0,0,0,0,0,0,0,0,0	//GS_PIERCINGSHOT#피어싱_샷#
515,0,0,22:24:26:28:30:32:34:36:38:40,0,0,0,17,3,5,none,0,0,0,0,0,0,0,0,0,0,0,0,0,0,0,0,0,0,0,0,0	//GS_RAPIDSHOWER#래피드_샤워#
516,0,0,32:34:36:38:40:42:44:46:48:50,0,0,0,17,3,10,none,0,0,0,0,0,0,0,0,0,0,0,0,0,0,0,0,0,0,0,0,0	//GS_DESPERADO#데스페라도#
517,0,0,30:32:34:36:38:40:42:44:46:48,0,0,0,19,0,0,none,0,0,0,0,0,0,0,0,0,0,0,0,0,0,0,0,0,0,0,0,0	//GS_GATLINGFEVER#캐틀링_피버#
518,0,0,3:6:9:12:15:18:21:24:27:30,0,0,0,20,3,1,none,0,0,0,0,0,0,0,0,0,0,0,0,0,0,0,0,0,0,0,0,0	//GS_DUST#더스트#
519,0,0,20:25:30:35:40:45:50:55:60:65,0,0,0,20,3,2:2:4:4:6:6:8:8:10:10,none,0,0,0,0,0,0,0,0,0,0,0,0,0,0,0,0,0,0,0,0,0	//GS_FULLBUSTER#풀_버스터#
520,0,0,15:20:25:30:35:40:45:50:55:60,0,0,0,20,3,5,none,0,0,0,0,0,0,0,0,0,0,0,0,0,0,0,0,0,0,0,0,0	//GS_SPREADATTACK#스프레드_어택#
521,0,0,4:8:12:16:20:24:28:32:36:40,0,0,0,21,5,1,none,0,0,0,0,0,0,0,0,0,0,0,0,0,0,0,0,0,0,0,0,0	//GS_GROUNDDRIFT#그라운드_드리프트#
523,0,0,2,0,0,0,99,6,1,none,0,0,0,0,0,0,0,0,0,0,0,0,0,0,0,0,0,0,0,0,0	//NJ_SYURIKEN#수리검_던지기#
524,0,0,30:25:20:15:10,0,0,0,99,7,1,none,0,0,0,0,0,0,0,0,0,0,0,0,0,0,0,0,0,0,0,0,0	//NJ_KUNAI#쿠나이_던지기#
525,0,0,20:25:30:35:40,0,0,0,22,0,0,none,0,0,0,0,0,0,0,0,0,0,0,0,0,0,0,0,0,0,0,0,0	//NJ_HUUMA#풍마수리검_던지기#
526,0,0,50,0,0,500:1000:1500:2000:2500:3000:3500:4000:4500:5000,99,0,0,none,0,0,0,0,0,0,0,0,0,0,0,0,0,0,0,0,0,0,0,0,0	//NJ_ZENYNAGE#돈_던지기#
527,0,0,15,0,0,0,99,0,0,none,0,0,0,0,0,0,0,0,0,0,0,0,0,0,0,0,0,0,0,0,0	//NJ_TATAMIGAESHI#다다미_뒤집기#
528,0,0,10:12:14:16:18:20:22:24:26:28,0,0,0,99,0,0,none,0,0,0,0,0,0,0,0,0,0,0,0,0,0,0,0,0,0,0,0,0	//NJ_KASUMIKIRI#안개_베기#
529,0,0,10,0,0,0,99,0,0,hiding,0,0,0,0,0,0,0,0,0,0,0,0,0,0,0,0,0,0,0,0,0	//NJ_SHADOWJUMP#그림자_도약#
530,0,0,14:16:18:20:22,0,0,0,99,0,0,hiding,0,0,0,0,0,0,0,0,0,0,0,0,0,0,0,0,0,0,0,0,0	//NJ_KIRIKAGE#그림자_베기#
531,0,0,12:15:18:21:24,0,0,0,99,0,0,none,0,0,0,0,0,0,0,0,0,0,0,0,0,0,0,0,0,0,0,0,0	//NJ_UTSUSEMI#매미허물_벗기#
532,0,0,30:32:34:36:38:40:42:44:46:48,0,0,0,99,0,0,none,0,7524,1,0,0,0,0,0,0,0,0,0,0,0,0,0,0,0,0,0,0	//NJ_BUNSINJYUTSU#환영분신#
533,0,0,10,0,0,0,99,0,0,none,0,0,0,0,0,0,0,0,0,0,0,0,0,0,0,0,0,0,0,0,0	//NJ_NINPOU#인법_수련#
534,0,0,18:20:22:24:26:28:30:32:34:36,0,0,0,99,0,0,none,0,0,0,0,0,0,0,0,0,0,0,0,0,0,0,0,0,0,0,0,0	//NJ_KOUENKA#홍염화(紅炎華)#
535,0,0,25,0,0,0,99,0,0,none,0,7521,1,0,0,0,0,0,0,0,0,0,0,0,0,0,0,0,0,0,0	//NJ_KAENSIN#화염진(火炎陣)#
536,0,0,20:25:30:35:40,0,0,0,99,0,0,none,0,7521,1,0,0,0,0,0,0,0,0,0,0,0,0,0,0,0,0,0,0	//NJ_BAKUENRYU#폭염룡(爆炎龍)#
537,0,0,15:18:21:24:27:30:33:36:39:42,0,0,0,99,0,0,none,0,0,0,0,0,0,0,0,0,0,0,0,0,0,0,0,0,0,0,0,0	//NJ_HYOUSENSOU#빙섬창(氷閃槍)#
538,0,0,15:18:21:24:27:30:33:36:39:42,0,0,0,99,0,0,none,0,7522,1,0,0,0,0,0,0,0,0,0,0,0,0,0,0,0,0,0,0	//NJ_SUITON#수둔(水遁)#
539,0,0,40:45:50:55:60,0,0,0,99,0,0,none,0,7522,1,0,0,0,0,0,0,0,0,0,0,0,0,0,0,0,0,0,0	//NJ_HYOUSYOURAKU#빙정락(氷晶落)#
540,0,0,12:14:16:18:20:22:24:26:28:30,0,0,0,99,0,0,none,0,0,0,0,0,0,0,0,0,0,0,0,0,0,0,0,0,0,0,0,0	//NJ_HUUJIN#풍인(風刃)#
541,0,0,16:20:24:28:32,0,0,0,99,0,0,none,0,7523,1,0,0,0,0,0,0,0,0,0,0,0,0,0,0,0,0,0,0	//NJ_RAIGEKISAI#뇌격쇄(雷擊碎)#
542,0,0,24:28:32:36:40,0,0,0,99,0,0,none,0,7523,1,0,0,0,0,0,0,0,0,0,0,0,0,0,0,0,0,0,0	//NJ_KAMAITACHI#삭풍(朔風)#
543,0,0,20:30:40:50:60,-5,0,0,99,0,0,none,0,0,0,0,0,0,0,0,0,0,0,0,0,0,0,0,0,0,0,0,0	//NJ_NEN#염(念)#
544,0,0,55:60:65:70:75:80:85:90:95:100,0,0,0,99,0,0,none,0,0,0,0,0,0,0,0,0,0,0,0,0,0,0,0,0,0,0,0,0	//NJ_ISSEN#일섬#

1001,0,0,40,0,0,0,99,0,0,none,0,0,0,0,0,0,0,0,0,0,0,0,0,0,0,0,0,0,0,0,0	//KN_CHARGEATK#차지_어택#
1002,0,0,15,0,0,0,99,0,0,shield,0,0,0,0,0,0,0,0,0,0,0,0,0,0,0,0,0,0,0,0,0	//CR_SHRINK#슈링크#
1004,0,0,15,0,0,0,99,2,1,none,0,0,0,0,0,0,0,0,0,0,0,0,0,0,0,0,0,0,0,0,0	//AS_VENOMKNIFE#베넘_나이프#
1005,0,0,25,0,0,0,99,0,0,none,0,0,0,0,0,0,0,0,0,0,0,0,0,0,0,0,0,0,0,0,0	//RG_CLOSECONFINE#클로즈_컨파인#
1006,0,0,40,0,0,0,99,0,0,none,0,0,0,0,0,0,0,0,0,0,0,0,0,0,0,0,0,0,0,0,0	//WZ_SIGHTBLASTER#사이트_블래스터#
1007,0,0,30,0,0,0,99,0,0,none,0,0,0,0,0,0,0,0,0,0,0,0,0,0,0,0,0,0,0,0,0	//SA_CREATECON#엘레멘탈_컨버터_제조#
1008,0,0,30,0,0,0,99,0,0,none,0,12115,1,0,0,0,0,0,0,0,0,0,0,0,0,0,0,0,0,0,0	//SA_ELEMENTWATER#엘레멘탈_체인지_(수)#
1009,0,0,10,0,0,0,11,0,0,none,0,0,0,0,0,0,0,0,0,0,0,0,0,0,0,0,0,0,0,0,0	//HT_PHANTASMIC#판타즈믹_애로우#
1010,0,0,20,0,0,0,99,0,0,none,0,0,0,0,0,0,0,0,0,0,0,0,0,0,0,0,0,0,0,0,0	//BA_PANGVOICE#팽_보이스#
1011,0,0,40,0,0,0,99,0,0,none,0,0,0,0,0,0,0,0,0,0,0,0,0,0,0,0,0,0,0,0,0	//DC_WINKCHARM#매혹의_윙크#
1013,0,0,10,0,0,0,99,0,0,none,0,0,0,0,0,0,0,0,0,0,0,0,0,0,0,0,0,0,0,0,0	//BS_GREED#탐욕#
1014,0,0,400,0,0,0,99,0,0,none,0,0,0,0,0,0,0,0,0,0,0,0,0,0,0,0,0,0,0,0,0	//PR_REDEMPTIO#희생#
1015,0,0,40,0,0,0,99,0,0,none,1,0,0,0,0,0,0,0,0,0,0,0,0,0,0,0,0,0,0,0,0	//MO_KITRANSLATION#진기주입(振氣注入)#
1016,10,0,20,0,0,0,99,0,0,none,0,0,0,0,0,0,0,0,0,0,0,0,0,0,0,0,0,0,0,0,0	//MO_BALKYOUNG#발경(發勁)#
1017,0,0,30,0,0,0,99,0,0,none,0,12116,1,0,0,0,0,0,0,0,0,0,0,0,0,0,0,0,0,0,0	//SA_ELEMENTGROUND#엘레멘탈_체인지_(지)#
1018,0,0,30,0,0,0,99,0,0,none,0,12114,1,0,0,0,0,0,0,0,0,0,0,0,0,0,0,0,0,0,0	//SA_ELEMENTFIRE#엘레멘탈_체인지_(화)#
1019,0,0,30,0,0,0,99,0,0,none,0,12117,1,0,0,0,0,0,0,0,0,0,0,0,0,0,0,0,0,0,0	//SA_ELEMENTWIND#엘레멘탈_체인지_(풍)#

10010,0,0,1,0,0,0,99,0,0,none,0,0,0,0,0,0,0,0,0,0,0,0,0,0,0,0,0,0,0,0,0	//GD_BATTLEORDER#전투명령_하달#
10011,0,0,1,0,0,0,99,0,0,none,0,0,0,0,0,0,0,0,0,0,0,0,0,0,0,0,0,0,0,0,0	//GD_REGENERATION#리제네레이션#
10012,0,0,1,0,0,0,99,0,0,none,0,0,0,0,0,0,0,0,0,0,0,0,0,0,0,0,0,0,0,0,0	//GD_RESTORE#리스토어#
10013,0,0,1,0,0,0,99,0,0,none,0,0,0,0,0,0,0,0,0,0,0,0,0,0,0,0,0,0,0,0,0	//GD_EMERGENCYCALL#긴급호출#

8001,0,0,13:16:19:22:25,0,0,0,99,0,0,none,0,545,1,0,0,0,0,0,0,0,0,0,0,0,0,0,0,0,0,0,0	//HLIF_HEAL#치유의_손길(힐)#
8002,0,0,20:25:30:35:40,0,0,0,99,0,0,none,0,0,0,0,0,0,0,0,0,0,0,0,0,0,0,0,0,0,0,0,0	//HLIF_AVOID#긴급회피#
8004,0,0,100,0,0,0,99,0,0,none,0,0,0,0,0,0,0,0,0,0,0,0,0,0,0,0,0,0,0,0,0	//HLIF_CHANGE#멘탈_체인지#
8005,0,0,10,0,0,0,99,0,0,none,0,0,0,0,0,0,0,0,0,0,0,0,0,0,0,0,0,0,0,0,0	//HAMI_CASTLE#캐슬링#
8006,0,0,20:25:30:35:40,0,0,0,99,0,0,none,0,0,0,0,0,0,0,0,0,0,0,0,0,0,0,0,0,0,0,0,0	//HAMI_DEFENCE#디펜스#
8008,0,0,120,0,0,0,99,0,0,none,0,0,0,0,0,0,0,0,0,0,0,0,0,0,0,0,0,0,0,0,0	//HAMI_BLOODLUST#블러드_러스트#
8009,0,0,4:8:12:16:20,0,0,0,99,0,0,none,0,0,0,0,0,0,0,0,0,0,0,0,0,0,0,0,0,0,0,0,0	//HFLI_MOON#문라이트#
8010,0,0,30:40:50:60:70,0,0,0,99,0,0,none,0,0,0,0,0,0,0,0,0,0,0,0,0,0,0,0,0,0,0,0,0	//HFLI_FLEET#플릿_무브#
8011,0,0,30:40:50:60:70,0,0,0,99,0,0,none,0,0,0,0,0,0,0,0,0,0,0,0,0,0,0,0,0,0,0,0,0	//HFLI_SPEED#오버드_스피드#
8012,0,0,1,0,0,0,99,0,0,none,0,0,0,0,0,0,0,0,0,0,0,0,0,0,0,0,0,0,0,0,0	//HFLI_SBR44#S.B.R.44#
8013,0,0,22:24:26:28:30,0,0,0,99,0,0,none,0,0,0,0,0,0,0,0,0,0,0,0,0,0,0,0,0,0,0,0,0	//HVAN_CAPRICE#카프리스#
8014,0,0,40,0,0,0,99,0,0,none,0,0,0,0,0,0,0,0,0,0,0,0,0,0,0,0,0,0,0,0,0	//HVAN_CHAOTIC#카오틱_베네딕션#
8016,0,0,1,0,0,0,99,0,0,none,0,0,0,0,0,0,0,0,0,0,0,0,0,0,0,0,0,0,0,0,0	//HVAN_EXPLOSION#바이오_익스플로젼#

8201,0,0,8:8:8:8:8:15:15:15:15:15,0,0,0,0:1:2:3:4:5:6:7:8:9:10:12:13:14:15:16:17:18:19:20:21:22,0,0,none,0,0,0,0,0,0,0,0,0,0,0,0,0,0,0,0,0,0,0,0,0	//MS_BASH#배쉬#
8202,20:20:19:19:18:18:17:17:16:16,0,30,0,0,0,99,0,0,none,0,0,0,0,0,0,0,0,0,0,0,0,0,0,0,0,0,0,0,0,0	//MS_MAGNUM#매그넘_브레이크#
8203,0,0,13:14:15:16:17:18:19:20:21:22,0,0,0,99,0,0,none,0,0,0,0,0,0,0,0,0,0,0,0,0,0,0,0,0,0,0,0,0	//MS_BOWLINGBASH#볼링_배쉬#
8204,0,0,50,0,0,0,99,0,0,none,0,0,0,0,0,0,0,0,0,0,0,0,0,0,0,0,0,0,0,0,0	//MS_PARRYING#패링#
8205,0,0,35:40:45:50:55:60:65:70:75:80,0,0,0,99,0,0,none,0,0,0,0,0,0,0,0,0,0,0,0,0,0,0,0,0,0,0,0,0	//MS_REFLECTSHIELD#리플렉트_쉴드#
8206,0,0,100,0,0,0,99,0,0,none,0,0,0,0,0,0,0,0,0,0,0,0,0,0,0,0,0,0,0,0,0	//MS_BERSERK#버서크#
8207,0,0,12,0,0,0,99,1,1,none,0,0,0,0,0,0,0,0,0,0,0,0,0,0,0,0,0,0,0,0,0	//MA_DOUBLE#더블_스트레이핑#
8208,0,0,15,0,0,0,99,1,1,none,0,0,0,0,0,0,0,0,0,0,0,0,0,0,0,0,0,0,0,0,0	//MA_SHOWER#애로우_샤워#
8209,0,0,10,0,0,0,99,0,0,none,0,0,0,0,0,0,0,0,0,0,0,0,0,0,0,0,0,0,0,0,0	//MA_SKIDTRAP#스키드_트랩#
8210,0,0,10,0,0,0,99,0,0,none,0,0,0,0,0,0,0,0,0,0,0,0,0,0,0,0,0,0,0,0,0	//MA_LANDMINE#랜드_마인#
8211,0,0,12,0,0,0,99,0,0,none,0,0,0,0,0,0,0,0,0,0,0,0,0,0,0,0,0,0,0,0,0	//MA_SANDMAN#샌드맨#
8212,0,0,10,0,0,0,99,0,0,none,0,0,0,0,0,0,0,0,0,0,0,0,0,0,0,0,0,0,0,0,0	//MA_FREEZINGTRAP#프리징_트랩#
8213,0,0,5,0,0,0,99,0,0,none,0,0,0,0,0,0,0,0,0,0,0,0,0,0,0,0,0,0,0,0,0	//MA_REMOVETRAP#리무브_트랩#
8214,0,0,15,0,0,0,99,1,1,none,0,0,0,0,0,0,0,0,0,0,0,0,0,0,0,0,0,0,0,0,0	//MA_CHARGEARROW#차지_애로우#
8215,0,0,18:21:24:27:30,0,0,0,99,1,1,none,0,0,0,0,0,0,0,0,0,0,0,0,0,0,0,0,0,0,0,0,0		//MA_SHARPSHOOTING#샤프슈팅#
8216,0,0,7,0,0,0,99,0,0,none,0,0,0,0,0,0,0,0,0,0,0,0,0,0,0,0,0,0,0,0,0	//ML_PIERCE#피어스#
8217,0,0,12,0,0,0,99,0,0,none,0,0,0,0,0,0,0,0,0,0,0,0,0,0,0,0,0,0,0,0,0	//ML_BRANDISH#브랜디쉬_스피어#
8218,0,0,18:21:24:27:30,0,0,0,99,0,0,none,0,0,0,0,0,0,0,0,0,0,0,0,0,0,0,0,0,0,0,0,0	//ML_SPIRALPIERCE#스파이럴_피어스#
8219,0,0,30,0,0,0,99,0,0,shield,0,0,0,0,0,0,0,0,0,0,0,0,0,0,0,0,0,0,0,0,0	//ML_DEFENDER#디펜더#
8220,0,0,12:14:16:18:20:22:24:26:28:30,0,0,0,99,0,0,none,0,0,0,0,0,0,0,0,0,0,0,0,0,0,0,0,0,0,0,0,0	//ML_AUTOGUARD#오토_가드#
8221,0,0,25,0,0,0,99,0,0,none,0,0,0,0,0,0,0,0,0,0,0,0,0,0,0,0,0,0,0,0,0	//ML_DEVOTION#세크리파이스#
8222,0,0,40,0,0,0,99,0,0,none,0,0,0,0,0,0,0,0,0,0,0,0,0,0,0,0,0,0,0,0,0	//MER_MAGNIFICAT#마니피캇#
8223,0,0,14:18:22:26:30:34:38:42:46:50,0,0,0,99,0,0,none,0,0,0,0,0,0,0,0,0,0,0,0,0,0,0,0,0,0,0,0,0	//MER_QUICKEN#웨폰_퀴큰#
8224,0,0,10,0,0,0,99,0,0,none,0,0,0,0,0,0,0,0,0,0,0,0,0,0,0,0,0,0,0,0,0	//MER_SIGHT#사이트#
8225,0,0,10,0,0,0,99,0,0,none,0,0,0,0,0,0,0,0,0,0,0,0,0,0,0,0,0,0,0,0,0	//MER_CRASH#크래쉬#
8226,0,0,10,0,0,0,99,0,0,none,0,0,0,0,0,0,0,0,0,0,0,0,0,0,0,0,0,0,0,0,0	//MER_REGAIN#리게인#
8227,0,0,10,0,0,0,99,0,0,none,0,0,0,0,0,0,0,0,0,0,0,0,0,0,0,0,0,0,0,0,0	//MER_TENDER#텐더#
8228,0,0,10,0,0,0,99,0,0,none,0,0,0,0,0,0,0,0,0,0,0,0,0,0,0,0,0,0,0,0,0	//MER_BENEDICTION#베네딕션#
8229,0,0,10,0,0,0,99,0,0,none,0,0,0,0,0,0,0,0,0,0,0,0,0,0,0,0,0,0,0,0,0	//MER_RECUPERATE#리큐퍼레이트#
8230,0,0,10,0,0,0,99,0,0,none,0,0,0,0,0,0,0,0,0,0,0,0,0,0,0,0,0,0,0,0,0	//MER_MENTALCURE#멘탈큐어#
8231,0,0,10,0,0,0,99,0,0,none,0,0,0,0,0,0,0,0,0,0,0,0,0,0,0,0,0,0,0,0,0	//MER_COMPRESS#컴프레스#
8232,0,0,4:5:6:7:8:9:10:11:12:13,0,0,0,99,0,0,none,0,0,0,0,0,0,0,0,0,0,0,0,0,0,0,0,0,0,0,0,0	//MER_PROVOKE#프로보크#
8233,0,0,5,0,0,0,99,0,0,none,0,0,0,0,0,0,0,0,0,0,0,0,0,0,0,0,0,0,0,0,0	//MER_AUTOBERSERK#오토_버서크#
8234,0,0,15:17:19:21:23:25:27:29:31:33,0,0,0,99,0,0,none,0,0,0,0,0,0,0,0,0,0,0,0,0,0,0,0,0,0,0,0,0		//MER_DECAGI#민첩성_감소#
8235,0,0,10,100,0,0,99,0,0,none,0,0,0,0,0,0,0,0,0,0,0,0,0,0,0,0,0,0,0,0,0	//MER_SCAPEGOAT#희생양#
8236,0,0,20:20:20:20:20:18:16:14:12:10,0,0,0,99,0,0,none,0,0,0,0,0,0,0,0,0,0,0,0,0,0,0,0,0,0,0,0,0	//MER_LEXDIVINA#렉스_디비나#
8237,0,0,10,0,0,0,99,0,0,none,0,0,0,0,0,0,0,0,0,0,0,0,0,0,0,0,0,0,0,0,0	//MER_ESTIMATION#몬스터_정보#
