//스킬ID,최대레벨,선행스킬ID-1,선행스킬레벨-1,선행스킬ID-2,선행스킬레벨-2,선행스킬ID-3,선행스킬레벨-3,선행스킬ID-4,선행스킬레벨-4,선행스킬ID-5,선행스킬레벨-5 //GUILD SKILLNAME#스킬 이름#

10000,1,0,0,0,0,0,0,0,0,0,0	//GD_APPROVAL#정식_길드_승인#
10001,1,10000,1,0,0,0,0,0,0,0,0	//GD_KAFRACONTRACT#카프라와의_계약#
10002,1,10000,1,0,0,0,0,0,0,0,0	//GD_GUARDRESEARCH#가디언_리서치#
10003,3,0,0,0,0,0,0,0,0,0,0	//GD_GUARDUP#카리스마#
10004,10,0,0,0,0,0,0,0,0,0,0	//GD_EXTENSION#조합체계_확장#
10005,0,0,0,0,0,0,0,0,0,0,0	//GD_GLORYGUILD#길드의_영광#
10006,5,0,0,0,0,0,0,0,0,0,0	//GD_LEADERSHIP#위대한_지도력#
10007,5,0,0,0,0,0,0,0,0,0,0	//GD_GLORYWOUNDS#영광의_상처#
10008,5,10007,1,0,0,0,0,0,0,0,0	//GD_SOULCOLD#냉정한_마음#
10009,5,10006,1,0,0,0,0,0,0,0,0	//GD_HAWKEYES#날카로운_시선#
10010,1,10000,1,10004,2,0,0,0,0,0,0	//GD_BATTLEORDER#전투명령_하달#
10011,3,10000,1,10004,5,10010,1,0,0,0,0	//GD_REGENERATION#리제네레이션#
10012,1,10011,1,0,0,0,0,0,0,0,0	//GD_RESTORE#리스토어#
10013,1,10000,1,10002,1,10004,5,10010,1,10011,1	//GD_EMERGENCYCALL#긴급호출#
10014,1,0,0,0,0,0,0,0,0,0,0	//GD_DEVELOPMENT#영구적인_발전#
