
//    kk  ""tt""  "";;    """"JJ;;kkJJ  JJtt""    ""tt""  ;;tt""""tt    ""tt""   
//   JJ  kk""tt;;JJ      ttkk    ""tt    ;;;;ttJJ;;  ""ttkk;;"";;;;ttkk;;  ;;kk  
//  "";;  ""  kk  kk  tt  ttww    ZZ;;  ww    RR  ;;JJ  JJJJ  tt    RR  ;;JJ  JJ 
//  JJ      """";;""  kk  ttkk  ;;kk    ZZ    ww  ;;""  kk""  ww    kk;;kk""  JJ 
//  kk      JJ  kk    ww  ttkk  JJJJ  ;;ww  ""JJ  ;;tt""RR    ZZ  ;;ZZJJ      kk 
//  kk  ;;  "";;JJ        JJtt  JJJJ  ""kk  JJ""  ww""""ww    ww  ""JJ  ZZ    kk 
//  JJ  JJ  ;;JJ""  "";;  ww;;  kkJJ  JJ""  kk;;  ww  ;;ww  ""JJ  ww;;  ww  ;;tt 
//;;""  RR    RR    ww""  kk""  ;;tt  ww    kkkk      kktt  JJ;;  ZZ;;  ;;  tt   
//  JJkkttkkkk;;kkkk;;JJkktt""kkJJJJkkttJJkk;;  kkkkJJ  ttkkttJJkk;;ttkkJJkkJJ   
//| I | - | L | U | N | A | A | T | H | E | N | A | P | R | O | J | E | C | T |  
//------------------------------------------------------------------------------
// iLAthena 퀘스트 데이터베이스 <http://www.i-luna.com>
// 한글화 by 아이루나 iLAthena Project
//------------------------------------------------------------------------------
// 퀘스트 ID,시간 제한,대상1,값1,대상2,값2,대상3,값3,퀘스트 이름
//
1000,0,0,0,0,0,0,0,"전승"
1001,0,0,0,0,0,0,0,"복사 전직"
1002,0,0,0,0,0,0,0,"복사 전직"
1003,0,0,0,0,0,0,0,"복사 전직"
1004,0,0,0,0,0,0,0,"궁수 전직"
1005,0,0,0,0,0,0,0,"마법사 전직"
1006,0,0,0,0,0,0,0,"마법사 전직"
1007,0,0,0,0,0,0,0,"마법사 전직"
1008,0,0,0,0,0,0,0,"마법사 전직"
1009,0,0,0,0,0,0,0,"상인 전직"
1010,0,0,0,0,0,0,0,"상인 전직"
1011,0,0,0,0,0,0,0,"상인 전직"
1012,0,0,0,0,0,0,0,"상인 전직"
1013,0,0,0,0,0,0,0,"도둑 전직"
1014,0,0,0,0,0,0,0,"검사 전직"
1015,0,0,0,0,0,0,0,"Your first quest"
1016,0,0,0,0,0,0,0,"Gaining base levels"
2000,0,0,0,0,0,0,0,"블랙스미스 전직"
2001,0,0,0,0,0,0,0,"블랙스미스 전직"
2002,0,0,0,0,0,0,0,"블랙스미스 전직"
2003,0,0,0,0,0,0,0,"블랙스미스 전직"
2004,0,0,0,0,0,0,0,"블랙스미스 전직"
2005,0,0,0,0,0,0,0,"블랙스미스 전직"
2006,0,0,0,0,0,0,0,"블랙스미스 전직"
2007,0,0,0,0,0,0,0,"블랙스미스 전직"
2008,0,0,0,0,0,0,0,"블랙스미스 전직"
2009,0,0,0,0,0,0,0,"블랙스미스 전직"
2010,0,0,0,0,0,0,0,"블랙스미스 전직"
2011,0,0,0,0,0,0,0,"블랙스미스 전직"
2012,0,0,0,0,0,0,0,"블랙스미스 전직"
2013,0,0,0,0,0,0,0,"블랙스미스 전직"
2014,0,0,0,0,0,0,0,"블랙스미스 전직"
2015,0,0,0,0,0,0,0,"블랙스미스 전직"
2016,0,0,0,0,0,0,0,"블랙스미스 전직"
2017,0,0,0,0,0,0,0,"로그 전직"
2018,0,0,0,0,0,0,0,"로그 전직"
2019,0,0,0,0,0,0,0,"로그 전직"
2020,0,0,0,0,0,0,0,"로그 전직"
2021,0,0,0,0,0,0,0,"로그 전직"
2022,0,0,0,0,0,0,0,"로그 전직"
2023,0,0,0,0,0,0,0,"로그 전직"
2024,0,0,0,0,0,0,0,"로그 전직"
2025,0,0,0,0,0,0,0,"로그 전직"
2026,0,0,0,0,0,0,0,"로그 전직"
2027,0,0,0,0,0,0,0,"로그 전직"
2028,0,0,0,0,0,0,0,"알케미스트전직"
2029,0,0,0,0,0,0,0,"알케미스트 전직"
2030,0,0,0,0,0,0,0,"알케미스트 전직"
2031,0,0,0,0,0,0,0,"알케미스트 전직"
2032,0,0,0,0,0,0,0,"알케미스트 전직"
2033,0,0,0,0,0,0,0,"알케미스트 전직"
2034,0,0,0,0,0,0,0,"알케미스트 전직"
2035,0,0,0,0,0,0,0,"알케미스트 전직"
2036,0,0,0,0,0,0,0,"알케미스트 전직"
2037,0,0,0,0,0,0,0,"알케미스트 전직"
2038,0,0,0,0,0,0,0,"알케미스트 전직"
2039,0,0,0,0,0,0,0,"알케미스트 전직"
2040,0,0,0,0,0,0,0,"알케미스트 전직"
2041,0,0,0,0,0,0,0,"세이지 전직"
2042,0,0,0,0,0,0,0,"세이지 전직"
2043,0,0,0,0,0,0,0,"세이지 전직"
2044,0,0,0,0,0,0,0,"세이지 전직"
2045,0,0,0,0,0,0,0,"세이지 전직"
2046,0,0,0,0,0,0,0,"세이지 전직"
2047,0,0,0,0,0,0,0,"세이지 전직"
2048,0,0,0,0,0,0,0,"세이지 전직"
2049,0,0,0,0,0,0,0,"세이지 전직"
2050,0,0,0,0,0,0,0,"세이지 전직"
2051,0,0,0,0,0,0,0,"세이지 전직"
2052,0,0,0,0,0,0,0,"세이지 전직"
2053,0,0,0,0,0,0,0,"세이지 전직"
2054,0,0,0,0,0,0,0,"세이지 전직"
2055,0,0,0,0,0,0,0,"세이지 전직"
2056,0,0,0,0,0,0,0,"세이지 전직"
2057,0,0,0,0,0,0,0,"세이지 전직"
2058,0,0,0,0,0,0,0,"세이지 전직"
2059,0,0,0,0,0,0,0,"세이지 전직"
2060,0,0,0,0,0,0,0,"세이지 전직"
2061,0,0,0,0,0,0,0,"세이지 전직"
2062,0,0,0,0,0,0,0,"세이지 전직"
2063,0,0,0,0,0,0,0,"운명의 까마귀"
2064,0,0,0,0,0,0,0,"운명의 까마귀"
2065,0,0,0,0,0,0,0,"운명의 까마귀"
2066,0,0,0,0,0,0,0,"운명의 까마귀"
2067,0,0,0,0,0,0,0,"운명의 까마귀"
2068,0,0,0,0,0,0,0,"운명의 까마귀"
2069,0,0,0,0,0,0,0,"마롤 티에라 협곡 전투"
2070,0,0,0,0,0,0,0,"마롤  플라비우스 전투"
2071,0,0,0,0,0,0,0,"저주받은 유산"
2072,0,0,0,0,0,0,0,"저주받은 유산"
2073,0,0,0,0,0,0,0,"저주받은 유산"
2074,0,0,0,0,0,0,0,"저주받은 유산"
2075,0,0,0,0,0,0,0,"저주받은 유산"
2076,0,0,0,0,0,0,0,"저주받은 유산"
2077,0,0,0,0,0,0,0,"저주받은 유산"
2078,0,0,0,0,0,0,0,"저주받은 유산"
2079,0,0,0,0,0,0,0,"어긋난 과거"
2080,0,0,0,0,0,0,0,"어긋난 과거"
2081,0,0,0,0,0,0,0,"어긋난 과거"
2082,0,0,0,0,0,0,0,"어긋난 과거"
2083,0,0,0,0,0,0,0,"어긋난 과거"
2084,0,0,0,0,0,0,0,"어긋난 과거"
2085,0,0,0,0,0,0,0,"어긋난 과거"
2086,0,0,0,0,0,0,0,"기업 퀘스트"
2087,0,0,0,0,0,0,0,"기업 퀘스트"
2088,0,0,0,0,0,0,0,"기업 퀘스트"
2089,0,0,0,0,0,0,0,"기업 퀘스트"
2090,0,0,0,0,0,0,0,"기업 퀘스트"
2091,0,0,0,0,0,0,0,"기업 퀘스트"
2092,0,0,0,0,0,0,0,"기업 퀘스트"
2093,0,0,0,0,0,0,0,"기업 퀘스트"
2094,0,0,0,0,0,0,0,"기업 퀘스트"
2095,0,0,0,0,0,0,0,"기업 퀘스트"
2109,0,0,0,0,0,0,0,"얼음 동굴의 마법사"
2110,0,0,0,0,0,0,0,"얼음 동굴의 마법사"
2111,0,0,0,0,0,0,0,"얼음 동굴의 마법사"
2112,0,0,0,0,0,0,0,"얼음 동굴의 마법사"
2113,0,0,0,0,0,0,0,"얼음 동굴의 마법사"
2114,0,0,0,0,0,0,0,"토르 화산의 기지"
2115,0,0,0,0,0,0,0,"토르 화산의 기지"
2116,0,0,0,0,0,0,0,"토르 화산의 기지"
2117,0,0,0,0,0,0,0,"토르 화산의 기지"
2118,0,0,0,0,0,0,0,"토르 화산의 기지"
2119,0,0,0,0,0,0,0,"토르 화산의 기지"
2120,0,0,0,0,0,0,0,"토르 화산의 기지"
2121,0,0,0,0,0,0,0,"토르 화산의 기지"
2122,0,0,0,0,0,0,0,"토르 화산의 기지"
2123,0,0,0,0,0,0,0,"토르 화산의 기지"
2124,0,0,0,0,0,0,0,"토르 화산의 기지"
2125,0,0,0,0,0,0,0,"토르 화산의 기지"
2126,0,0,0,0,0,0,0,"토르 화산의 기지"
2127,0,0,0,0,0,0,0,"토르 화산의 기지"
2128,0,0,0,0,0,0,0,"토르 화산의 기지"
2143,0,0,0,0,0,0,0,"길드던전 이벤트"
2144,0,0,0,0,0,0,0,"길드던전 이벤트"
2147,0,0,0,0,0,0,0,"새로움을 대하는 자세"
2148,0,0,0,0,0,0,0,"새로움을 대하는 자세"
2149,0,0,0,0,0,0,0,"새로움을 대하는 자세"
2150,0,0,0,0,0,0,0,"새로움을 대하는 자세"
2151,0,0,0,0,0,0,0,"새로움을 대하는 자세"
2152,0,0,0,0,0,0,0,"새로움을 대하는 자세"
2153,0,0,0,0,0,0,0,"새로움을 대하는 자세"
2154,0,0,0,0,0,0,0,"새로움을 대하는 자세"
2155,0,0,0,0,0,0,0,"새로움을 대하는 자세"
2156,0,0,0,0,0,0,0,"새로움을 대하는 자세"
2157,0,0,0,0,0,0,0,"새로움을 대하는 자세"
2158,0,0,0,0,0,0,0,"요정 발견"
2159,0,0,0,0,0,0,0,"거인 발견"
2179,0,0,0,0,0,0,0,"계속되는 연구"
2180,0,0,0,0,0,0,0,"계속되는 연구"
2181,0,0,0,0,0,0,0,"계속되는 연구"
2182,0,0,0,0,0,0,0,"계속되는 연구"
2183,0,0,0,0,0,0,0,"향수"
2184,0,0,0,0,0,0,0,"향수"
2185,0,0,0,0,0,0,0,"향수"
2186,0,0,0,0,0,0,0,"향수"
2187,0,0,0,0,0,0,0,"아크비숍 전직 퀘스트"
2188,0,0,0,0,0,0,0,"아크비숍 전직 퀘스트"
2189,0,0,0,0,0,0,0,"아크비숍 전직 퀘스트"
2190,0,0,0,0,0,0,0,"아크비숍 전직 퀘스트"
2191,0,0,0,0,0,0,0,"아크비숍 전직 퀘스트"
3000,0,0,0,0,0,0,0,"바드 전직 - 아름다운 노래소리"
3001,0,0,0,0,0,0,0,"바드 전직 - 수업료는 꽃?"
3002,0,0,0,0,0,0,0,"바드 전직 - 바드로의 첫걸음."
3003,0,0,0,0,0,0,0,"바드 전직 - 노래 따라부르기."
3004,0,0,0,0,0,0,0,"바드 전직 - 마지막 관문."
3006,0,0,0,0,0,0,0,"크루세이더 전직 - 자격"
3007,0,0,0,0,0,0,0,"크루세이더 전직 - 자격"
3008,0,0,0,0,0,0,0,"크루세이더 전직 - 자격"
3009,0,0,0,0,0,0,0,"크루세이더 전직 - 무르나크 미욜"
3010,0,0,0,0,0,0,0,"크루세이더 전직 - 인내의 시험"
3011,0,0,0,0,0,0,0,"크루세이더 전직 - 계속되는 시험"
3012,0,0,0,0,0,0,0,"크루세이더 전직 - 지식의 시험"
3013,0,0,0,0,0,0,0,"크루세이더 전직 - 계속되는 시험2"
3014,0,0,0,0,0,0,0,"크루세이더 전직 - 마지막 시험"
3015,0,0,0,0,0,0,0,"크루세이더 전직 - 시험 완료"
3016,0,0,0,0,0,0,0,"몽크 전직 - 몽크의 길"
3017,0,0,0,0,0,0,0,"몽크 전직 - 자격과 준비"
3018,0,0,0,0,0,0,0,"몽크 전직 - 자격과 준비"
3019,0,0,0,0,0,0,0,"몽크 전직 - 자격과 준비"
3020,0,0,0,0,0,0,0,"몽크 전직 - 자격과 준비"
3021,0,0,0,0,0,0,0,"몽크 전직 - 자격과 준비"
3022,0,0,0,0,0,0,0,"몽크 전직 - 자격과 준비"
3023,0,0,0,0,0,0,0,"몽크 전직 - 자격과 준비"
3024,0,0,0,0,0,0,0,"몽크 전직 - 도우하의 부름"
3025,0,0,0,0,0,0,0,"몽크 전직 - 교리문답 시험"
3026,0,0,0,0,0,0,0,"몽크 전직 - 부해의 부름"
3027,0,0,0,0,0,0,0,"몽크 전직 - 버섯 채집"
3028,0,0,0,0,0,0,0,"몽크 전직 - 마라톤"
3029,0,0,0,0,0,0,0,"몽크 전직 - 마지막 시험"
3031,0,0,0,0,0,0,0,"몽크 전직 - 구마수행"
3032,0,0,0,0,0,0,0,"몽크 전직 - 몽크로의 전직"
3040,0,0,0,0,0,0,0,"바포메트의 저주 - 무덤의 피로"
3041,0,0,0,0,0,0,0,"바포메트의 저주 - 마력의 고갈"
3042,0,0,0,0,0,0,0,"마력깃든 바포메트의 인형의 정체"
3043,0,0,0,0,0,0,0,"진정한 마제스틱고우트"
3050,0,0,0,0,0,0,0,"마왕의 부활 - 모로크로의 소식"
3051,0,0,0,0,0,0,0,"마왕의 부활 - 자격의 시험"
3052,0,0,0,0,0,0,0,"마왕의 부활 - 자격의 시험2"
3053,0,0,0,0,0,0,0,"마왕의 부활 - 토벌대의 일원"
3054,0,0,0,0,0,0,0,"마왕의 부활 - 마왕을 물리치다!"
3055,0,0,0,0,0,0,0,"마왕의 부활 - 시공의 균열"
3056,0,0,0,0,0,0,0,"마왕의 부활 - 보상의 시간"
3060,0,0,0,0,0,0,0,"베인스의 남매 - 동생은 어디에?"
3061,0,0,0,0,0,0,0,"베인스의 남매 - 족쇄를 풀 방법은?"
3062,0,0,0,0,0,0,0,"베인스의 남매 - 열쇠수리공을 찾아라"
3063,0,0,0,0,0,0,0,"베인스의 남매 - 열쇠장인 록엔락?"
3064,0,0,0,0,0,0,0,"베인스의 남매 - 카멜레응 비누"
3065,0,0,0,0,0,0,0,"베인스의 남매 - 카멜레응 비누의 재료"
3066,0,0,0,0,0,0,0,"베인스의 남매 - 카멜레응 비누를 만드려면..."
3067,0,0,0,0,0,0,0,"베인스의 남매 - 낙타의 식욕촉진메뉴"
3068,0,0,0,0,0,0,0,"베인스의 남매 - 낙타의 응가 채집"
3069,0,0,0,0,0,0,0,"베인스의 남매 - 비단모래낙타는 어디에?"
3070,0,0,0,0,0,0,0,"베인스의 남매 - 사라진 비단모래낙타"
3071,0,0,0,0,0,0,0,"베인스의 남매 - 비단모래낙타 발견!"
3072,0,0,0,0,0,0,0,"베인스의 남매 - 응가 1개 채집 완료"
3073,0,0,0,0,0,0,0,"베인스의 남매 - 응가 2개 채집 완료"
3074,0,0,0,0,0,0,0,"베인스의 남매 - 응가 3개 채집 완료"
3075,0,0,0,0,0,0,0,"베인스의 남매 - 응가 4개 채집 완료"
3076,0,0,0,0,0,0,0,"베인스의 남매 - 응가 채집 완료"
3077,0,0,0,0,0,0,0,"베인스의 남매 - 아이버리씨에게로"
3078,0,0,0,0,0,0,0,"베인스의 남매 - 카멜레응 비누의 완성"
3079,0,0,0,0,0,0,0,"베인스의 남매 - 자물쇠 본 뜨기"
3080,0,0,0,0,0,0,0,"베인스의 남매 - 자물쇠 본 가져가기"
3081,0,0,0,0,0,0,0,"베인스의 남매 - 열쇠의 재료는 강철"
3082,0,0,0,0,0,0,0,"베인스의 남매 - 열쇠 완성"
3083,0,0,0,0,0,0,0,"베인스의 남매 - 자물쇠 본 가져가기"
3085,0,0,0,0,0,0,0,"대륙으로의 보고서 - 사령관의 부름"
3086,0,0,0,0,0,0,0,"대륙으로의 보고서 - 사령관의 임무"
3087,0,0,0,0,0,0,0,"대륙으로의 보고서 - 사령관의 임무"
3088,0,0,0,0,0,0,0,"대륙으로의 보고서 - 사고발생!"
3089,0,0,0,0,0,0,0,"대륙으로의 보고서 - 복구방법"
3090,0,0,0,0,0,0,0,"대륙으로의 보고서 - 보고서들의 행방"
3091,0,0,0,0,0,0,0,"대륙으로의 보고서 - 보고서들의 행방"
3092,0,0,0,0,0,0,0,"대륙으로의 보고서 - 복구 성공!"
3093,0,0,0,0,0,0,0,"대륙으로의 보고서 - 대륙의로의 보고"
3094,0,0,0,0,0,0,0,"대륙으로의 보고서 - 원정대로 복귀"
3100,0,0,0,0,0,0,0,"지독한 빛 청산 - 잃어버린 머프의 지갑"
3101,0,0,0,0,0,0,0,"지독한 빛 청산 - 수상한 흙무더기"
3102,0,0,0,0,0,0,0,"지독한 빛 청산 - 되찾은 차용증. 하지만..."
3103,0,0,0,0,0,0,0,"지독한 빛 청산 - 발명가 도리안"
3104,0,0,0,0,0,0,0,"지독한 빛 청산 - 마법건조기의 수리재료"
3105,0,0,0,0,0,0,0,"지독한 빛 청산 - 마법건조기의 수리"
3106,0,0,0,0,0,0,0,"지독한 빛 청산 - 마법건조기의 수리 실패"
3107,0,0,0,0,0,0,0,"지독한 빛 청산 - 마법건조기의 수리 성공"
3108,0,0,0,0,0,0,0,"지독한 빛 청산 - 마법건조기를 사용해보자"
3109,0,0,0,0,0,0,0,"지독한 빛 청산 - 차용증 복구 성공"
3110,0,0,0,0,0,0,0,"잃어버린 보석 - 보석의 행방을 찾아"
3111,0,0,0,0,0,0,0,"잃어버린 보석 - 레블로의 제안"
3112,0,0,0,0,0,0,0,"잃어버린 보석 - 페이욘의 의원 향아"
3113,0,0,0,0,0,0,0,"잃어버린 보석 - 페이욘의 의원 향아"
3114,0,0,0,0,0,0,0,"잃어버린 보석 - 페이욘의 의원 향아"
3115,0,0,0,0,0,0,0,"잃어버린 보석 - 레블로의 정보"
3116,0,0,0,0,0,0,0,"잃어버린 보석 - 로그길드원의 정보"
3117,0,0,0,0,0,0,0,"잃어버린 보석 - 수상한 기계장치"
3118,0,0,0,0,0,0,0,"잃어버린 보석 - 되찾은 다이아몬드"
3119,0,0,0,0,0,0,0,"현상수배 Z단 - 현상수배 공문"
3120,0,0,0,0,0,0,0,"현상수배 Z단 - Z단의 인상착의"
3121,0,0,0,0,0,0,0,"현상수배 Z단 - 발데스의 요구"
3122,0,0,0,0,0,0,0,"현상수배 Z단 - 발데스의 정보"
3123,0,0,0,0,0,0,0,"현상수배 Z단 - 메리벨의 시험"
3124,0,0,0,0,0,0,0,"현상수배 Z단 - 안문호와의 대결"
3125,0,0,0,0,0,0,0,"현상수배 Z단 - 안문호와의 대결"
3126,0,0,0,0,0,0,0,"현상수배 Z단 - 메리벨의 정보"
3127,0,0,0,0,0,0,0,"현상수배 Z단 - Z단의 습격"
3128,0,0,0,0,0,0,0,"현상수배 Z단 - Z단의 습격"
3129,0,0,0,0,0,0,0,"현상수배 Z단 - 수상한 서신"
3130,0,0,0,0,0,0,0,"현상수배 Z단 - 암호해독을 하려면..."
3131,0,0,0,0,0,0,0,"현상수배 Z단 - 암호해독 완료"
3132,0,0,0,0,0,0,0,"현상수배 Z단 - Z단의 아지트를 찾아라"
3133,0,0,0,0,0,0,0,"현상수배 Z단 - 아지트 발견!"
3134,0,0,0,0,0,0,0,"현상수배 Z단 - Z단 소탕완료"
3135,0,0,0,0,0,0,0,"세계수의 손상 - 둥지의 안정화"
3200,0,0,0,0,0,0,0,"룬나이트 전직 - 룬나이트로의 추천"
3201,0,0,0,0,0,0,0,"룬나이트 전직 - 룬나이트의 비밀 집결지"
3202,0,0,0,0,0,0,0,"룬나이트 전직 - 첫 번째 시험"
3203,0,0,0,0,0,0,0,"룬나이트 전직 - 첫 번째 시험"
3204,0,0,0,0,0,0,0,"룬나이트 전직 - 첫 번째 시험 통과"
3205,0,0,0,0,0,0,0,"룬나이트 전직 - 두 번째 시험"
3206,0,0,0,0,0,0,0,"룬나이트 전직 - 두 번째 시험"
3207,0,0,0,0,0,0,0,"룬나이트 전직 - 두 번째 시험"
3208,0,0,0,0,0,0,0,"룬나이트 전직 - 두 번째 시험"
3209,0,0,0,0,0,0,0,"룬나이트 전직 - 마법에너지 축적1"
3210,0,0,0,0,0,0,0,"룬나이트 전직 - 마법에너지 축적2"
3211,0,0,0,0,0,0,0,"룬나이트 전직 - 마법에너지 축적3"
3212,0,0,0,0,0,0,0,"룬나이트 전직 - 마법에너지 축적4"
3213,0,0,0,0,0,0,0,"룬나이트 전직 - 두 번째 시험"
3214,0,0,0,0,0,0,0,"룬나이트 전직 - 두 번째 시험"
3215,0,0,0,0,0,0,0,"룬나이트 전직 - 두 번째 시험 통과"
3216,0,0,0,0,0,0,0,"룬나이트 전직 - 마지막 시험"
3217,0,0,0,0,0,0,0,"룬나이트 전직 - 마지막 시험"
3218,0,0,0,0,0,0,0,"룬나이트 전직 - 마지막 시험 통과"
3219,0,0,0,0,0,0,0,"룬나이트 전직 - 모든 시험의 끝"
3220,0,0,0,0,0,0,0,"룬나이트 전직 - 시험 대기시간"
3250,0,0,0,0,0,0,0,"의뢰 - 무엇에 쓰는 붕대인고?"
3251,0,0,0,0,0,0,0,"의뢰 - 역습의 악어"
3252,0,0,0,0,0,0,0,"의뢰 - 나의 인어는 이렇지 않다는!"
3253,0,0,0,0,0,0,0,"의뢰 - 실종된 오컬트 매니아"
3254,0,0,0,0,0,0,0,"의뢰 - 국가는 그대를 원한다"
3255,0,0,0,0,0,0,0,"의뢰 - 멧돼지 토벌 작전"
3256,0,0,0,0,0,0,0,"의뢰 - 여름을 기다리는 준비"
3257,0,0,0,0,0,0,0,"의뢰 - 여자의 원한"
3258,0,0,0,0,0,0,0,"의뢰 - 별미의 재료"
3259,0,0,0,0,0,0,0,"의뢰 - 인형술사의 고민"
3260,0,0,0,0,0,0,0,"의뢰 - 지긋지긋한 파리떼"
3261,0,0,0,0,0,0,0,"의뢰 - 부정한 소녀"
3262,0,0,0,0,0,0,0,"의뢰 - 별난 취미"
3263,0,0,0,0,0,0,0,"의뢰 - 도깨비 방망이"
3265,0,0,0,0,0,0,0,"의뢰 - 실종된 오컬트 매니아"
4000,0,0,0,0,0,0,0,"셰린의 면접"
4001,0,0,0,0,0,0,0,"헌터 전직 시험"
4002,0,0,0,0,0,0,0,"헌터 전직 시험 - 아이템 수집"
4003,0,0,0,0,0,0,0,"헌터 전직 시험 - 아이템 수집"
4004,0,0,0,0,0,0,0,"헌터 전직 시험 - 아이템 수집"
4005,0,0,0,0,0,0,0,"헌터 전직 시험 - 아이템 수집"
4006,0,0,0,0,0,0,0,"헌터 전직 시험 - 아이템 수집"
4007,0,0,0,0,0,0,0,"헌터 전직 시험 - 아이템 수집"
4008,0,0,0,0,0,0,0,"헌터 전직 시험 - 아이템 수집"
4009,0,0,0,0,0,0,0,"헌터 전직 시험"
4010,0,0,0,0,0,0,0,"헌터 전직 시험"
4011,0,0,0,0,0,0,0,"헌터 전직 시험 - 테스트"
4012,0,0,0,0,0,0,0,"헌터 전직 시험"
4013,0,0,0,0,0,0,0,"헌터 전직 시험"
4015,0,0,0,0,0,0,0,"모험가 심사위원이 되자"
4016,0,0,0,0,0,0,0,"심사위원 자격 습득"
4017,0,0,0,0,0,0,0,"심사위원 자격 습득"
4018,0,0,0,0,0,0,0,"왕자를 만날 준비"
4020,0,0,0,0,0,0,0,"왕자와 면담"
4021,0,0,0,0,0,0,0,"왕자와 면담"
4022,0,0,0,0,0,0,0,"왕자와 면담"
4023,0,0,0,0,0,0,0,"왕자와 면담"
4024,0,0,0,0,0,0,0,"왕자와 면담"
4025,0,0,0,0,0,0,0,"왕자와 면담"
4026,0,0,0,0,0,0,0,"왕자와 면담"
4027,0,0,0,0,0,0,0,"왕자와 면담"
4028,0,0,0,0,0,0,0,"페터 왕자의 부탁"
4029,0,0,0,0,0,0,0,"소녀의 부탁"
4030,0,0,0,0,0,0,0,"아름,에른 왕자의 이야기"
4031,0,0,0,0,0,0,0,"아름,에른 왕자의 이야기"
4032,0,0,0,0,0,0,0,"두 가문의 흉계"
4033,0,0,0,0,0,0,0,"아름 왕자의 사망"
6000,0,0,0,0,0,0,0,"태권 전직"
6001,0,0,0,0,0,0,0,"태권 전직"
6002,0,0,0,0,0,0,0,"태권 전직"
6005,0,0,0,0,0,0,0,"소울링커 전직"
6006,0,0,0,0,0,0,0,"소울링커 전직"
6007,0,0,0,0,0,0,0,"소울링커 전직"
6008,0,0,0,0,0,0,0,"소울링커 전직"
6010,0,0,0,0,0,0,0,"슈퍼 노비스 전직"
6015,0,0,0,0,0,0,0,"쿠우가 가이의 심부름"
6016,0,0,0,0,0,0,0,"수상한 남자의 부탁"
6017,0,0,0,0,0,0,0,"적표범 죠의 답장"
6018,0,0,0,0,0,0,0,"쿠우가 가이의 광기"
6020,0,0,0,0,0,0,0,"밀러의 편지"
6021,0,0,0,0,0,0,0,"황소 뿔이 말하는 징표"
6022,0,0,0,0,0,0,0,"징표의 제작"
6023,0,0,0,0,0,0,0,"황소 뿔의 심술"
6024,0,0,0,0,0,0,0,"전직 건슬링거!"
6025,0,0,0,0,0,0,0,"KVM 승인"
7000,0,0,0,0,0,0,0,"댄서로 전직! 여기 전직신청서에요!"
7001,0,0,0,0,0,0,0,"댄서로 전직! 댄서에게 필요한 것은..?"
7002,0,0,0,0,0,0,0,"댄서로 전직! 댄서에게 필요한 것은..?"
7003,0,0,0,0,0,0,0,"댄서로 전직! 댄서에게 필요한 것은..?"
7004,0,0,0,0,0,0,0,"댄서로 전직! 누가 날 만나고 싶다고?"
7005,0,0,0,0,0,0,0,"댄서로 전직! 드디어 무대다!"
7006,0,0,0,0,0,0,0,"댄서로 전직! 데뷔 성공!"
7007,0,0,0,0,0,0,0,"태양과 달과 별의 전사"
7008,0,0,0,0,0,0,0,"태양과 달과 별의 전사 - 자연"
7009,0,0,0,0,0,0,0,"태양과 달과 별의 전사 - 성역"
7010,0,0,0,0,0,0,0,"태양과 달과 별의 전사 - 별?"
7011,0,0,0,0,0,0,0,"태양과 달과 별의 전사"
7012,0,0,0,0,0,0,0,"추적대 - 쉽고 간단한 일"
7013,0,0,0,0,0,0,0,"추적대 - 쉽고 간단한 일"
7014,0,0,0,0,0,0,0,"추적대 - 쉽고 간단한 일"
7015,0,0,0,0,0,0,0,"추적대 - 쉽고 간단한 일"
7016,0,0,0,0,0,0,0,"추적대 - 쉽고 간단한 일?!"
7017,0,0,0,0,0,0,0,"추적대 - 쉽고 간단한 일?!"
7018,0,0,0,0,0,0,0,"추적대 - 쉽고 간단한 일?!"
7019,0,0,0,0,0,0,0,"추적대 - 일은 끝났는데..."
7020,0,0,0,0,0,0,0,"추적대 - 일은 끝났는데..."
7021,0,0,0,0,0,0,0,"추적대 - 수상한 주문서"
7022,0,0,0,0,0,0,0,"추적대 - 수상한 주문서"
7023,0,0,0,0,0,0,0,"추적대 - 수상한 주문서"
7024,0,0,0,0,0,0,0,"추적대 - 수상한 주문서"
7025,0,0,0,0,0,0,0,"추적대 - 수상한 주문서"
7026,0,0,0,0,0,0,0,"추적대 - 더 수상해진 주문서"
7027,0,0,0,0,0,0,0,"추적대 - 정찰"
7028,0,0,0,0,0,0,0,"추적대 - 정찰?"
7029,0,0,0,0,0,0,0,"추적대 - 레이얀 체포"
7030,0,0,0,0,0,0,0,"추적대 - 레이얀 체포"
7031,0,0,0,0,0,0,0,"추적대 - 레이얀 탈주"
7032,0,0,0,0,0,0,0,"추적대 - 레이얀 탈주"
7033,0,0,0,0,0,0,0,"추적대 - 레이얀 탈주"
7034,0,0,0,0,0,0,0,"추적대 - 레이얀 탈주"
7035,0,0,0,0,0,0,0,"추적대 - 레이얀 탈주"
7036,0,0,0,0,0,0,0,"추적대 - 레이얀 탈주"
7037,0,0,0,0,0,0,0,"단델리온 그리고 우리"
7038,0,0,0,0,0,0,0,"군고구마를 향한 열정"
7039,0,0,0,0,0,0,0,"회피하는 실력이 수준급"
7040,0,0,0,0,0,0,0,"회피하는 실력이 수준급2"
7041,0,0,0,0,0,0,0,"정치는 정치의 프로에게"
7042,0,0,0,0,0,0,0,"사육장 도우미 - 따따초의 먹이"
7043,0,0,0,0,0,0,0,"사육장 도우미 - 코르누스의 먹이"
7044,0,0,0,0,0,0,0,"사육장 도우미 - 힐스리온의 먹이1"
7045,0,0,0,0,0,0,0,"사육장 도우미 - 힐스리온의 먹이2"
7046,0,0,0,0,0,0,0,"사육장 도우미 - 깔개가 필요해"
7047,0,0,0,0,0,0,0,"사육장 도우미 - 오늘 일은 끝!"
7048,0,0,0,0,0,0,0,"타나토스 타워 - 블레드의 부탁!"
7049,0,0,0,0,0,0,0,"타나토스 타워 - 타워의 봉인!"
7050,0,0,0,0,0,0,0,"타나토스 타워 - 타워의 봉인!"
7051,0,0,0,0,0,0,0,"타나토스 타워 - 타워의 봉인!"
7052,0,0,0,0,0,0,0,"타나토스 타워 - 타워의 봉인!"
7053,0,0,0,0,0,0,0,"타나토스 타워 - 그들이 원하는것.."
7054,0,0,0,0,0,0,0,"뮤의 부탁 - 천벌"
7055,0,0,0,0,0,0,0,"뮤의 부탁 - 고양이는 안돼!"
7056,0,0,0,0,0,0,0,"메신저 - 아크의 부탁"
7057,0,0,0,0,0,0,0,"메신저 - 아크의 부탁"
7058,0,0,0,0,0,0,0,"메신저 - 아크의 부탁"
7059,0,0,0,0,0,0,0,"메신저 - 테라의 행방"
7060,0,0,0,0,0,0,0,"메신저 - 테라의 행방"
7061,0,0,0,0,0,0,0,"메신저 - 테라의 행방"
7062,0,0,0,0,0,0,0,"메신저 - 테라의 행방"
7063,0,0,0,0,0,0,0,"메신저 - 테라의 행방"
7064,0,0,0,0,0,0,0,"메신저 - 테라의 행방"
7065,0,0,0,0,0,0,0,"메신저 - 테라의 행방"
7066,0,0,0,0,0,0,0,"메신저 - 진실 증명"
7067,0,0,0,0,0,0,0,"메신저 - 진실 증명"
7068,0,0,0,0,0,0,0,"메신저 - 진실 증명"
7069,0,0,0,0,0,0,0,"메신저 - 늦어버렸다!"
7070,0,0,0,0,0,0,0,"메신저 - 테라의 귀환"
7071,0,0,0,0,0,0,0,"메신저 - 초대"
7072,0,0,0,0,0,0,0,"정기보고서 - 회수"
7073,0,0,0,0,0,0,0,"정기보고서 - 대기"
7074,0,0,0,0,0,0,0,"용맹함의 증명 - 라타"
7075,0,0,0,0,0,0,0,"용맹함의 증명 - 두네이르"
7076,0,0,0,0,0,0,0,"현상수배 - 잔당 소탕"
7077,0,0,0,0,0,0,0,"큐펫을 위해 - 드라코의 알 수집"
7078,0,0,0,0,0,0,0,"큐펫을 위해 - 다음에도 또"
7079,0,0,0,0,0,0,0,"신비한 광석 - 정제된 브라디움"
7080,0,0,0,0,0,0,0,"신비한 광석 - 다음에도 또"
7081,0,0,0,0,0,0,0,"장인정신 - 야이의 장식재료"
7082,0,0,0,0,0,0,0,"장인정신 - 다음에도 또"
7083,0,0,0,0,0,0,0,"페이욘의 새해음식"
7084,0,0,0,0,0,0,0,"떡국 - 또 가져올거지?"
7085,0,0,0,0,0,0,0,"쌀배달 아르바이트"
7086,0,0,0,0,0,0,0,"물품수령증 01"
7087,0,0,0,0,0,0,0,"물품수령증 02"
7088,0,0,0,0,0,0,0,"물품수령증 03"
7089,0,0,0,0,0,0,0,"물품수령증 04"
7090,0,0,0,0,0,0,0,"쌀배달 - 다음에도 또"
7091,0,0,0,0,0,0,0,"다오라의 조언 01"
7092,0,0,0,0,0,0,0,"다오라의 조언 02"
7093,0,0,0,0,0,0,0,"다오라의 조언 03"
7094,0,0,0,0,0,0,0,"다오라의 조언 04"
7095,0,0,0,0,0,0,0,"다오라의 조언 05"
7096,0,0,0,0,0,0,0,"새로운 자격의 증명"
7097,0,0,0,0,0,0,0,"새로운 자격의 증명"
7098,0,0,0,0,0,0,0,"새로운 자격의 증명"
7099,0,0,0,0,0,0,0,"새로운 자격의 증명"
7100,0,0,0,0,0,0,0,"베르카셀의 전언"
7101,0,0,0,0,0,0,0,"어쌔신길드의 특수임무 1"
7102,0,0,0,0,0,0,0,"어쌔신길드의 특수임무 2"
7103,0,0,0,0,0,0,0,"어쌔신길드의 특수임무 3"
7104,0,0,0,0,0,0,0,"어쌔신길드의 특수임무 4"
7105,0,0,0,0,0,0,0,"어쌔신길드의 특수임무 4"
7106,0,0,0,0,0,0,0,"어쌔신길드의 특수임무 5"
7107,0,0,0,0,0,0,0,"어쌔신길드의 특수임무 6"
7108,0,0,0,0,0,0,0,"어쌔신길드의 특수임무 7"
7109,0,0,0,0,0,0,0,"어쌔신길드의 특수임무 8"
7110,0,0,0,0,0,0,0,"어쌔신길드의 특수임무 9"
7111,0,0,0,0,0,0,0,"어쌔신길드의 특수임무 10"
7112,0,0,0,0,0,0,0,"마델레의 정보"
7113,0,0,0,0,0,0,0,"크레이브의 정보"
7114,0,0,0,0,0,0,0,"트로반의 정보"
7115,0,0,0,0,0,0,0,"행상인의 정보"
7116,0,0,0,0,0,0,0,"마을노인의 정보"
7117,0,0,0,0,0,0,0,"라그나로크 첫걸음"
7118,0,0,0,0,0,0,0,"초보자 수련장 - 1"
7119,0,0,0,0,0,0,0,"초보자 수련장 - 2"
7120,0,0,0,0,0,0,0,"초보자 수련장 - 3"
7121,0,0,0,0,0,0,0,"초보자 수련장 - 4"
7122,0,0,0,0,0,0,0,"첫 전투 - 포링을 잡아라"
7123,0,0,0,0,0,0,0,"전투의 기본 -1"
7124,0,0,0,0,0,0,0,"전투의 기본 -2"
7125,0,0,0,0,0,0,0,"사용하지않음"
7126,0,0,0,0,0,0,0,"나만의 특수기술"
7127,0,0,0,0,0,0,0,"전투의 기본 -3"
7128,0,0,0,0,0,0,0,"훈련코스 '사막을 정복!'-시작"
7129,0,0,0,0,0,0,0,"훈련코스 '사막을 정복!'-실전1"
7130,0,0,0,0,0,0,0,"훈련코스 '사막을 정복!'-실전2"
7131,0,0,0,0,0,0,0,"훈련코스 '사막을 정복!'-실전3"
7132,0,0,0,0,0,0,0,"훈련코스 '사막을 정복!'-완료"
7133,0,0,0,0,0,0,0,"훈련코스 '지하수로를 정복!'-시작"
7134,0,0,0,0,0,0,0,"훈련코스 '지하수로를 정복!'-실전1"
7135,0,0,0,0,0,0,0,"훈련코스 '지하수로를 정복!'-실전2"
7136,0,0,0,0,0,0,0,"훈련코스 '지하수로를 정복!'-실전3"
7137,0,0,0,0,0,0,0,"훈련코스 '지하수로를 정복!'-완료"
7138,0,0,0,0,0,0,0,"훈련코스 '귀신동굴을 정복!'-시작"
7139,0,0,0,0,0,0,0,"훈련코스 '귀신동굴을정복!'-실전1"
7140,0,0,0,0,0,0,0,"훈련코스 '귀신동굴을 정복!'-실전2"
7141,0,0,0,0,0,0,0,"훈련코스 '귀신동굴을 정복!'-완료"
7142,0,0,0,0,0,0,0,"훈련코스 '개미지옥을 정복!'-시작"
7143,0,0,0,0,0,0,0,"훈련코스 '개미지옥을 정복!'-실전1"
7144,0,0,0,0,0,0,0,"훈련코스 '개미지옥을 정복!'-실전2"
7145,0,0,0,0,0,0,0,"훈련코스 '개미지옥을 정복!'-실전3"
7146,0,0,0,0,0,0,0,"훈련코스 '개미지옥을 정복!'-완료"
7147,0,0,0,0,0,0,0,"훈련코스 '오크마을을 정복!'-시작"
7148,0,0,0,0,0,0,0,"훈련코스 '오크마을을 정복!'-실전1"
7149,0,0,0,0,0,0,0,"훈련코스 '오크마을을 정복!'-실전2"
7150,0,0,0,0,0,0,0,"훈련코스 '오크마을을 정복!'-실전3"
7151,0,0,0,0,0,0,0,"훈련코스 '오크마을을 정복!'-완료"
7152,0,0,0,0,0,0,0,"훈련코스 '오크던전을 정복!'-시작"
7153,0,0,0,0,0,0,0,"훈련코스 '오크던전을 정복!'-실전1"
7154,0,0,0,0,0,0,0,"훈련코스 '오크던전을 정복!'-실전2"
7155,0,0,0,0,0,0,0,"훈련코스 '오크던전을 정복!'-완료"
7156,0,0,0,0,0,0,0,"훈련코스 '해저도시를 정복!'-시작"
7157,0,0,0,0,0,0,0,"훈련코스 '해저도시를 정복!'-실전1"
7158,0,0,0,0,0,0,0,"훈련코스 '해저도시를 정복!'-실전2"
7159,0,0,0,0,0,0,0,"훈련코스 '해저도시를 정복!'-완료"
8000,0,0,0,0,0,0,0,"어쌔신 전직 포기"
8001,0,0,0,0,0,0,0,"어쌔신 전직 신청"
8002,0,0,0,0,0,0,0,"어쌔신 전직 필기 시험"
8003,0,0,0,0,0,0,0,"어쌔신 전직 실기 시험"
8004,0,0,0,0,0,0,0,"어쌔신 전직 실기 시험"
8005,0,0,0,0,0,0,0,"어쌔신 전직 실기 시험"
8006,0,0,0,0,0,0,0,"길드마스터를 찾아라"
8007,0,0,0,0,0,0,0,"길드마스터의 인정"
8008,0,0,0,0,0,0,0,"어쌔신으로 전직"
8009,0,0,0,0,0,0,0,"프리스트 전직 신청"
8010,0,0,0,0,0,0,0,"프리스트 순례 수행"
8011,0,0,0,0,0,0,0,"프리스트 구마 수행"
8012,0,0,0,0,0,0,0,"프리스트 구마 수행"
8013,0,0,0,0,0,0,0,"프리스트 전직 시험"
8014,0,0,0,0,0,0,0,"프리스트 봉사의 서약"
8015,0,0,0,0,0,0,0,"프리스트 전직 신청"
8016,0,0,0,0,0,0,0,"프리스트로 전직"
8017,0,0,0,0,0,0,0,"아인브로크 공장 조사"
8018,0,0,0,0,0,0,0,"아인브로크 공장 조사"
8019,0,0,0,0,0,0,0,"아인브로크 공장 조사"
8020,0,0,0,0,0,0,0,"아인브로크 공장 조사"
8021,0,0,0,0,0,0,0,"아인브로크 공장 조사"
8022,0,0,0,0,0,0,0,"아인브로크 공장 조사"
8023,0,0,0,0,0,0,0,"아인브로크 공장 조사"
8024,0,0,0,0,0,0,0,"아인브로크 공장 조사"
8025,0,0,0,0,0,0,0,"아인브로크 공장 조사"
8026,0,0,0,0,0,0,0,"아인브로크 공장 조사"
8027,0,0,0,0,0,0,0,"아인브로크 공장 조사"
8028,0,0,0,0,0,0,0,"아인브로크 공장 조사"
8029,0,0,0,0,0,0,0,"아인브로크 공장 조사"
8030,0,0,0,0,0,0,0,"아인브로크 공장 조사"
8031,0,0,0,0,0,0,0,"아인브로크 공장 보수"
8032,0,0,0,0,0,0,0,"펠록의 부탁"
8033,0,0,0,0,0,0,0,"뜨록의 부탁"
8034,0,0,0,0,0,0,0,"뜨록의 부탁"
8035,0,0,0,0,0,0,0,"펠록에게 편지 전달"
8036,0,0,0,0,0,0,0,"헤일렌의 부탁"
8037,0,0,0,0,0,0,0,"케이시에게 편지 전달"
8038,0,0,0,0,0,0,0,"케이시에게 편지 전달"
8039,0,0,0,0,0,0,0,"비공정의 비밀"
8040,0,0,0,0,0,0,0,"비공정의 비밀"
8041,0,0,0,0,0,0,0,"비공정의 비밀"
8042,0,0,0,0,0,0,0,"비공정의 비밀"
8043,0,0,0,0,0,0,0,"비공정의 비밀"
8044,0,0,0,0,0,0,0,"유스란의 약혼자"
8045,0,0,0,0,0,0,0,"케이시의 증언"
8046,0,0,0,0,0,0,0,"뜨록 선장의 탑승목록"
8047,0,0,0,0,0,0,0,"유스란의 부탁"
8048,0,0,0,0,0,0,0,"유크란의 증언"
8049,0,0,0,0,0,0,0,"티어리의 부탁"
8050,0,0,0,0,0,0,0,"티어리에게 다가오는 위험"
8051,0,0,0,0,0,0,0,"유스란의 약"
8052,0,0,0,0,0,0,0,"티어리의 부탁"
8053,0,0,0,0,0,0,0,"엘런의 약"
8054,0,0,0,0,0,0,0,"효자 포스틸의 전언"
8055,0,0,0,0,0,0,0,"엘런 간호하기"
8056,0,0,0,0,0,0,0,"엘런의 보답"
8057,0,0,0,0,0,0,0,"푸념하는 마나인"
8058,0,0,0,0,0,0,0,"엘샹트와의 대화"
8059,0,0,0,0,0,0,0,"펠피츠와의 대화"
8060,0,0,0,0,0,0,0,"완고한 엘샹트"
8061,0,0,0,0,0,0,0,"마나인의 한탄"
8062,0,0,0,0,0,0,0,"카나인의 영혼"
8063,0,0,0,0,0,0,0,"카나인과 엘샹트의 재회"
8064,0,0,0,0,0,0,0,"시레트의 꼬치요리"
8065,0,0,0,0,0,0,0,"시레트의 꼬치요리"
8066,0,0,0,0,0,0,0,"시레트의 꼬치요리"
8067,0,0,0,0,0,0,0,"시레트의 꼬치요리"
8068,0,0,0,0,0,0,0,"시레트의 꼬치요리"
8069,0,0,0,0,0,0,0,"시레트의 꼬치요리"
8070,0,0,0,0,0,0,0,"시레트의 꼬치요리"
8071,0,0,0,0,0,0,0,"시레트의 꼬치요리"
8072,0,0,0,0,0,0,0,"시레트의 꼬치요리"
8073,0,0,0,0,0,0,0,"시레트의 꼬치요리"
8074,0,0,0,0,0,0,0,"시레트의 꼬치요리"
8075,0,0,0,0,0,0,0,"시레트의 꼬치요리"
8076,0,0,0,0,0,0,0,"클리저와 카라"
8077,0,0,0,0,0,0,0,"클리저와 카라"
8078,0,0,0,0,0,0,0,"클리저와 카라"
8079,0,0,0,0,0,0,0,"클리저와 카라"
8080,0,0,0,0,0,0,0,"클리저와 카라"
8081,0,0,0,0,0,0,0,"클리저와 카라"
8082,0,0,0,0,0,0,0,"클리저와 카라"
8083,0,0,0,0,0,0,0,"클리저와 카라"
8084,0,0,0,0,0,0,0,"클리저와 카라"
8085,0,0,0,0,0,0,0,"클리저와 카라"
8086,0,0,0,0,0,0,0,"클리저와 카라"
8087,0,0,0,0,0,0,0,"클리저와 카라"
8088,0,0,0,0,0,0,0,"클리저와 카라"
8089,0,0,0,0,0,0,0,"도난당한 보석"
8090,0,0,0,0,0,0,0,"도난당한 보석"
8091,0,0,0,0,0,0,0,"도난당한 보석"
8092,0,0,0,0,0,0,0,"도난당한 보석"
8093,0,0,0,0,0,0,0,"도난당한 보석"
8094,0,0,0,0,0,0,0,"도난당한 보석"
8095,0,0,0,0,0,0,0,"도난당한 보석"
8096,0,0,0,0,0,0,0,"도난당한 보석"
8097,0,0,0,0,0,0,0,"도난당한 보석"
8098,0,0,0,0,0,0,0,"도난당한 보석"
8099,0,0,0,0,0,0,0,"도난당한 보석"
8100,0,0,0,0,0,0,0,"대신관의 추천서"
8101,0,0,0,0,0,0,0,"대신관의 추천서"
8102,0,0,0,0,0,0,0,"대신관의 추천서"
8103,0,0,0,0,0,0,0,"대신관의 추천서"
8104,0,0,0,0,0,0,0,"대신관의 추천서"
8105,0,0,0,0,0,0,0,"대신관의 추천서"
8106,0,0,0,0,0,0,0,"블루스피티의 행방"
8107,0,0,0,0,0,0,0,"라셀렌의 증언"
8108,0,0,0,0,0,0,0,"이국인 카팅슈엘"
8109,0,0,0,0,0,0,0,"블루스피티의 향기"
8110,0,0,0,0,0,0,0,"블루스피티의 향기"
8111,0,0,0,0,0,0,0,"라셀렌의 증언"
8112,0,0,0,0,0,0,0,"프레이야의 샘"
8113,0,0,0,0,0,0,0,"블루스피티의 일기"
8114,0,0,0,0,0,0,0,"블루스피티의 일기"
8115,0,0,0,0,0,0,0,"블루스피티의 일기"
8116,0,0,0,0,0,0,0,"의혹의 카팅슈엘"
8117,0,0,0,0,0,0,0,"라셀렌의 증언"
8118,0,0,0,0,0,0,0,"프레이야의 샘"
8119,0,0,0,0,0,0,0,"센다르와의 대화"
8120,0,0,0,0,0,0,0,"카팅슈엘과의 대화"
8121,0,0,0,0,0,0,0,"카팅슈엘과의 대화"
8122,0,0,0,0,0,0,0,"카팅슈엘과의 대화"
8123,0,0,0,0,0,0,0,"아요타야의 명물, 똠양꿍"
8124,0,0,0,0,0,0,0,"아요타야의 명물, 똠양꿍"
8125,0,0,0,0,0,0,0,"아요타야의 명물, 똠양꿍"
8126,0,0,0,0,0,0,0,"아요타야의 명물, 똠양꿍"
8127,0,0,0,0,0,0,0,"모모타로 체험관"
8128,0,0,0,0,0,0,0,"모모타로 체험관"
8129,0,0,0,0,0,0,0,"모모타로 체험관"
8130,0,0,0,0,0,0,0,"모모타로 체험관"
8131,0,0,0,0,0,0,0,"아마쯔 성주의 어머님"
8132,0,0,0,0,0,0,0,"아마쯔 성주의 어머님"
8133,0,0,0,0,0,0,0,"여우의 노래"
8134,0,0,0,0,0,0,0,"북쪽 신사의 소년"
8135,0,0,0,0,0,0,0,"여우 퇴치"
8136,0,0,0,0,0,0,0,"위험한 숲"
8137,0,0,0,0,0,0,0,"세 갈림길의 비석"
8138,0,0,0,0,0,0,0,"회색 늑대의 경고"
8139,0,0,0,0,0,0,0,"회색 늑대의 부탁"
8140,0,0,0,0,0,0,0,"마리아 모레브나"
8141,0,0,0,0,0,0,0,"모스코비아의 블랙스미스"
8142,0,0,0,0,0,0,0,"황금색의 열쇠"
8143,0,0,0,0,0,0,0,"바실리의 빨간 반지"
8144,0,0,0,0,0,0,0,"마쉔까의 행방"
8145,0,0,0,0,0,0,0,"마쉔까의 행방"
8146,0,0,0,0,0,0,0,"나무피리의 노래"
8147,0,0,0,0,0,0,0,"나무피리의 노래"
8148,0,0,0,0,0,0,0,"상심한 아주머니"
8149,0,0,0,0,0,0,0,"상심한 아주머니"
8150,0,0,0,0,0,0,0,"루살까의 연인"
8151,0,0,0,0,0,0,0,"이국의 방랑자"
8152,0,0,0,0,0,0,0,"모로크 마을주민"
8153,0,0,0,0,0,0,0,"이고르의 전언"
8155,0,0,0,0,0,0,0,"겨울의 주인 마로즈까"
8156,0,0,0,0,0,0,0,"겨울의 주인 마로즈까"
8157,0,0,0,0,0,0,0,"마로즈까의 조건"
8158,0,0,0,0,0,0,0,"낡은 오두막의 바바야가"
8159,0,0,0,0,0,0,0,"바바야가의 심부름"
8160,0,0,0,0,0,0,0,"바바야가의 심부름"
8161,0,0,0,0,0,0,0,"바바야가의 심부름"
8162,0,0,0,0,0,0,0,"바바야가의 심부름"
8163,0,0,0,0,0,0,0,"바바야가의 심부름"
8164,0,0,0,0,0,0,0,"바바야가의 심부름"
8165,0,0,0,0,0,0,0,"바바야가의 심부름"
8166,0,0,0,0,0,0,0,"바바야가의 심부름"
8167,0,0,0,0,0,0,0,"바바야가의 심부름"
8168,0,0,0,0,0,0,0,"바바야가의 심부름"
8169,0,0,0,0,0,0,0,"바바야가의 심부름"
8170,0,0,0,0,0,0,0,"바바야가의 심부름"
8171,0,0,0,0,0,0,0,"바바야가의 심부름"
8172,0,0,0,0,0,0,0,"바바야가의 심부름"
8173,0,0,0,0,0,0,0,"바바야가의 심부름"
8174,0,0,0,0,0,0,0,"바바야가의 심부름"
8175,0,0,0,0,0,0,0,"바바야가의 심부름"
8176,0,0,0,0,0,0,0,"황금색의 열쇠"
8177,0,0,0,0,0,0,0,"불사신 코쉐이"
8178,0,0,0,0,0,0,0,"살아있는 물과 죽은 물"
8179,0,0,0,0,0,0,0,"살아있는 물과 죽은 물"
8180,0,0,0,0,0,0,0,"살아있는 물과 죽은 물"
8181,0,0,0,0,0,0,0,"사이트 블래스터"
8182,0,0,0,0,0,0,0,"밀어내는 기술의 원리"
8183,0,0,0,0,0,0,0,"사이트 블래스터"
8184,0,0,0,0,0,0,0,"엘레멘탈 컨버터"
8185,0,0,0,0,0,0,0,"엘레멘탈 체인지"
8186,0,0,0,0,0,0,0,"화속성 엘레멘탈 체인지"
8187,0,0,0,0,0,0,0,"지속성 엘레멘탈 체인지"
8188,0,0,0,0,0,0,0,"풍속성 엘레멘탈 체인지"
8189,0,0,0,0,0,0,0,"수속성 엘레멘탈 체인지"
8190,0,0,0,0,0,0,0,"매혹의 윙크"
8191,0,0,0,0,0,0,0,"매혹의 조언자"
8192,0,0,0,0,0,0,0,"제멋대로인 조언자"
8193,0,0,0,0,0,0,0,"제멋대로인 조언자"
8194,0,0,0,0,0,0,0,"인사불성 조언자"
8195,0,0,0,0,0,0,0,"친절한 사넬"
8196,0,0,0,0,0,0,0,"삼국 연합 조사단의 갈등"
8197,0,0,0,0,0,0,0,"서류 전달"
8198,0,0,0,0,0,0,0,"사무관에게 보고"
8199,0,0,0,0,0,0,0,"연합조사단 사무관의 부탁"
8200,0,0,0,0,0,0,0,"료슨의 자료 요청"
8201,0,0,0,0,0,0,0,"분실된 자료"
8202,0,0,0,0,0,0,0,"서류 복원"
8203,0,0,0,0,0,0,0,"서류 복원"
8204,0,0,0,0,0,0,0,"료슨에게 자료 전달"
8205,0,0,0,0,0,0,0,"사무관에게 보고"
8206,0,0,0,0,0,0,0,"연합조사단 회의"
8207,0,0,0,0,0,0,0,"범인은 헨지느가 아니다"
8208,0,0,0,0,0,0,0,"헨지느의 부탁"
8209,0,0,0,0,0,0,0,"휴의 보고서"
8210,0,0,0,0,0,0,0,"사무관에게 보고"
8211,0,0,0,0,0,0,0,"슈랭크의 강의"
8212,0,0,0,0,0,0,0,"슈랭크의 강의"
8213,0,0,0,0,0,0,0,"슈랭크의 강의"
8214,0,0,0,0,0,0,0,"슈랭크의 강의"
8215,0,0,0,0,0,0,0,"슈랭크의 강의"
8216,0,0,0,0,0,0,0,"슈랭크의 심부름"
8217,0,0,0,0,0,0,0,"디큐이의 전언"
8218,0,0,0,0,0,0,0,"슈랭크의 강의"
8219,0,0,0,0,0,0,0,"슈랭크의 강의"
8220,0,0,0,0,0,0,0,"슈랭크의 강의"
8221,0,0,0,0,0,0,0,"슈랭크의 강의"
8222,0,0,0,0,0,0,0,"슈랭크의 심부름"
8223,0,0,0,0,0,0,0,"디큐이의 심부름"
8224,0,0,0,0,0,0,0,"범인의 단서"
8225,0,0,0,0,0,0,0,"디큐이의 추리"
8226,0,0,0,0,0,0,0,"방클리의 죽음"
8227,0,0,0,0,0,0,0,"슈랭크에게 귀환"
8228,0,0,0,0,0,0,0,"슈랭크의 강의"
8229,0,0,0,0,0,0,0,"가닝의 강의"
8230,0,0,0,0,0,0,0,"가닝의 강의"
8231,0,0,0,0,0,0,0,"가닝의 강의"
8232,0,0,0,0,0,0,0,"가닝의 강의"
8233,0,0,0,0,0,0,0,"가닝의 강의"
8234,0,0,0,0,0,0,0,"프론테라 시장 조사"
8235,0,0,0,0,0,0,0,"가닝의 강의"
8236,0,0,0,0,0,0,0,"가닝의 강의"
8237,0,0,0,0,0,0,0,"가닝의 강의"
8238,0,0,0,0,0,0,0,"가닝의 강의"
8239,0,0,0,0,0,0,0,"가닝의 강의"
8240,0,0,0,0,0,0,0,"가닝의 강의"
8241,0,0,0,0,0,0,0,"붉은색 보석 회수"
8242,0,0,0,0,0,0,0,"파란색 보석 회수"
8243,0,0,0,0,0,0,0,"이계의 언어"
8244,0,0,0,0,0,0,0,"요정과 나무 거인"
8245,0,0,0,0,0,0,0,"언어의 표본 조사"
8246,0,0,0,0,0,0,0,"언어의 표본 조사"
8247,0,0,0,0,0,0,0,"연구 상황 조사"
8248,0,0,0,0,0,0,0,"연구 상황 조사"
8249,0,0,0,0,0,0,0,"정보의 저장 방법"
8250,0,0,0,0,0,0,0,"이계의 광석"
8251,0,0,0,0,0,0,0,"마력 주입"
8252,0,0,0,0,0,0,0,"세공된 보석"
8253,0,0,0,0,0,0,0,"이계 언어 변환기"
8254,0,0,0,0,0,0,0,"몸과 마음을 가볍게"
8255,0,0,0,0,0,0,0,"생존력 테스트"
8256,0,0,0,0,0,0,0,"생존력 테스트"
8257,0,0,0,0,0,0,0,"티어드롭의 식량조달"
8258,0,0,0,0,0,0,0,"티어드롭의 식량조달"
8259,0,0,0,0,0,0,0,"레인저 실기 시험장으로"
8260,0,0,0,0,0,0,0,"미션! 서류 전달"
8261,0,0,0,0,0,0,0,"피리를 불면 늑대가 나타난다!"
8262,0,0,0,0,0,0,0,"레인저 마스터 네버어게인"
8265,0,0,0,0,0,0,0,"한 시간에 한 번만!"
8266,0,0,0,0,0,0,0,"포이즌 스포아 사냥!"
8267,0,0,0,0,0,0,0,"스모키 사냥!"
8268,0,0,0,0,0,0,0,"엘더 윌로우 사냥!"
8269,0,0,0,0,0,0,0,"코코 사냥!"
8270,0,0,0,0,0,0,0,"타라 프로그 사냥!"
8271,0,0,0,0,0,0,0,"해충 박멸제 배달!"
8272,0,0,0,0,0,0,0,"꿀 배달!"
8273,0,0,0,0,0,0,0,"모포 배달!"
8274,0,0,0,0,0,0,0,"뼈 모으기!"
8275,0,0,0,0,0,0,0,"발바닥 모으기!"
8276,0,0,0,0,0,0,0,"등껍질 모으기!"
8277,0,0,0,0,0,0,0,"꼬리 모으기!"
8278,0,0,0,0,0,0,0,"쿠키 모으기!"
8279,0,0,0,0,0,0,0,"수염 모으기!"
9000,0,0,0,0,0,0,0,"나이트 전직으로의 시작"
9001,0,0,0,0,0,0,0,"나이트로서의 성실함"
9002,0,0,0,0,0,0,0,"나이트로서의 성실함"
9003,0,0,0,0,0,0,0,"나이트로서의 길"
9004,0,0,0,0,0,0,0,"나이트로서의 길"
9005,0,0,0,0,0,0,0,"나이트로서의 강인함"
9006,0,0,0,0,0,0,0,"나이트로서의 강인함"
9007,0,0,0,0,0,0,0,"나이트로서의 길"
9008,0,0,0,0,0,0,0,"나이트로서의 예의"
9009,0,0,0,0,0,0,0,"나이트로서의 길"
9010,0,0,0,0,0,0,0,"나이트로서의 마음가짐"
9011,0,0,0,0,0,0,0,"나이트로서의 길"
9012,0,0,0,0,0,0,0,"나이트 그 영광을!"
9013,0,0,0,0,0,0,0,"위자드가 되자!"
9014,0,0,0,0,0,0,0,"위자드가 되자!"
9015,0,0,0,0,0,0,0,"음침한 위자드 아저씨?"
9016,0,0,0,0,0,0,0,"마법과 물질의 이해 시험"
9017,0,0,0,0,0,0,0,"마법의 활용 능력"
9018,0,0,0,0,0,0,0,"위자드 인증 완료!"
9024,0,0,0,0,0,0,0,"아인브로크의 심부름꾼"
10000,0,0,0,0,0,0,0,"프론테라 성으로"
10001,0,0,0,0,0,0,0,"실력 증명"
10002,0,0,0,0,0,0,0,"자질 평가"
10003,0,0,0,0,0,0,0,"심사위원에게 할 일 확인"
10004,0,0,0,0,0,0,0,"중간보고"
10005,0,0,0,0,0,0,0,"아이젠아름 왕자"
10006,0,0,0,0,0,0,0,"에른스트 왕자"
10007,0,0,0,0,0,0,0,"포 왕자"
10008,0,0,0,0,0,0,0,"페터 왕자"
10009,0,0,0,0,0,0,0,"유르겐 왕자"
10010,0,0,0,0,0,0,0,"헬무트 왕자"
10011,0,0,0,0,0,0,0,"에리히 왕자"
10012,0,0,0,0,0,0,0,"두 왕자의 이야기"
10013,0,0,0,0,0,0,0,"페터의 소녀를 찾아서"
10014,0,0,0,0,0,0,0,"다시 한 번 페터에게"
10015,0,0,0,0,0,0,0,"왕위조례15"
10016,0,0,0,0,0,0,0,"발터 가문의 손님"
10017,0,0,0,0,0,0,0,"무서운 진실"
10018,0,0,0,0,0,0,0,"타락의 아름 - 포"
10019,0,0,0,0,0,0,0,"타락의 아름 - 페터"
10020,0,0,0,0,0,0,0,"타락의 아름 - 에리히"
10021,0,0,0,0,0,0,0,"타락의 아름 - 유르겐"
10022,0,0,0,0,0,0,0,"타락의 아름 - 헬무트"
10023,0,0,0,0,0,0,0,"아이젠아름과 에른스트 -前-"
10024,0,0,0,0,0,0,0,"아이젠아름과 에른스트 -後-"
10025,0,0,0,0,0,0,0,"안녕, 그대여"
10026,0,0,0,0,0,0,0,"메토 갱생 유도"
10027,0,0,0,0,0,0,0,"메토 갱생 유도"
10028,0,0,0,0,0,0,0,"메토 갱생 유도"
10029,0,0,0,0,0,0,0,"메토 갱생 유도"
10030,0,0,0,0,0,0,0,"메토 갱생 유도"
10031,0,0,0,0,0,0,0,"메토 갱생 유도"
10032,0,0,0,0,0,0,0,"메토 갱생 유도"
10033,0,0,0,0,0,0,0,"메토 갱생 유도"
10034,0,0,0,0,0,0,0,"나이프 탐색"
10035,0,0,0,0,0,0,0,"나이프 전달"
10036,0,0,0,0,0,0,0,"물품조달-사탕"
10037,0,0,0,0,0,0,0,"물품조달-게등껍질"
10038,0,0,0,0,0,0,0,"물품조달-소라"
10039,0,0,0,0,0,0,0,"물품조달-생선의 꼬리"
10040,0,0,0,0,0,0,0,"물품조달-하얀색 접시"
10041,0,0,0,0,0,0,0,"물품조달-?"
10042,0,0,0,0,0,0,0,"건반을 찾아라-나머지5개"
10043,0,0,0,0,0,0,0,"건반을 찾아라-나머지5개"
10044,0,0,0,0,0,0,0,"건반을 찾아라-나머지4개"
10045,0,0,0,0,0,0,0,"건반을 찾아라-나머지4개"
10046,0,0,0,0,0,0,0,"건반을 찾아라-나머지3개"
10047,0,0,0,0,0,0,0,"건반을 찾아라-나머지3개"
10048,0,0,0,0,0,0,0,"건반을 찾아라-나머지2개"
10049,0,0,0,0,0,0,0,"건반을 찾아라-나머지2개"
10050,0,0,0,0,0,0,0,"건반을 찾아라-나머지1개"
10051,0,0,0,0,0,0,0,"건반을 찾아라-나머지1개"
10052,0,0,0,0,0,0,0,"건반을 찾아라-피아노로"
10053,0,0,0,0,0,0,0,"건반을 찾아라-빈자리를 채워라"
10054,0,0,0,0,0,0,0,"탈출 직전-마녀 키르케나"
10055,0,0,0,0,0,0,0,"우탄족의 문화 이해"
10056,0,0,0,0,0,0,0,"우탄어를 배워보자"
10057,0,0,0,0,0,0,0,"그리고 인간은 이계로"
10058,0,0,0,0,0,0,0,"그리고 인간은 이계로"
10059,0,0,0,0,0,0,0,"그리고 인간은 이계로"
10060,0,0,0,0,0,0,0,"그리고 인간은 이계로"
10061,0,0,0,0,0,0,0,"그리고 인간은 이계로"
10062,0,0,0,0,0,0,0,"그리고 인간은 이계로"
10063,0,0,0,0,0,0,0,"그리고 인간은 이계로"
10064,0,0,0,0,0,0,0,"그리고 인간은 이계로"
10065,0,0,0,0,0,0,0,"그리고 인간은 이계로"
10066,0,0,0,0,0,0,0,"그리고 인간은 이계로"
10067,0,0,0,0,0,0,0,"그리고 인간은 이계로"
10068,0,0,0,0,0,0,0,"그리고 인간은 이계로"
10069,0,0,0,0,0,0,0,"그리고 인간은 이계로"
10070,0,0,0,0,0,0,0,"그리고 인간은 이계로"
10071,0,0,0,0,0,0,0,"그리고 인간은 이계로"
10072,0,0,0,0,0,0,0,"그리고 인간은 이계로"
10073,0,0,0,0,0,0,0,"그리고 인간은 이계로"
10074,0,0,0,0,0,0,0,"그리고 인간은 이계로"
10075,0,0,0,0,0,0,0,"그리고 인간은 이계로"
10076,0,0,0,0,0,0,0,"그리고 인간은 이계로"
10077,0,0,0,0,0,0,0,"그리고 인간은 이계로"
10078,0,0,0,0,0,0,0,"그리고 인간은 이계로"
10079,0,0,0,0,0,0,0,"현실탈피, 더 넓은 세계로"
10080,0,0,0,0,0,0,0,"현실탈피, 더 넓은 세계로"
10081,0,0,0,0,0,0,0,"현실탈피, 더 넓은 세계로"
10082,0,0,0,0,0,0,0,"현실탈피, 더 넓은 세계로"
10083,0,0,0,0,0,0,0,"현실탈피, 더 넓은 세계로"
10084,0,0,0,0,0,0,0,"현실탈피, 더 넓은 세계로"
10085,0,0,0,0,0,0,0,"현실탈피, 더 넓은 세계로"
10086,0,0,0,0,0,0,0,"현실탈피, 더 넓은 세계로"
10087,0,0,0,0,0,0,0,"현실탈피, 더 넓은 세계로"
10088,0,0,0,0,0,0,0,"현실탈피, 더 넓은 세계로"
10089,0,0,0,0,0,0,0,"현실탈피, 더 넓은 세계로"
10090,0,0,0,0,0,0,0,"미케닉 전직"
10091,0,0,0,0,0,0,0,"미케닉 전직"
10092,0,0,0,0,0,0,0,"미케닉 전직"
10093,0,0,0,0,0,0,0,"미케닉 전직"
10094,0,0,0,0,0,0,0,"미케닉 전직"
10095,0,0,0,0,0,0,0,"미케닉 전직"
10096,0,0,0,0,0,0,0,"미케닉 전직"
10097,0,0,0,0,0,0,0,"미케닉 전직"
10098,0,0,0,0,0,0,0,"미케닉 전직"
10099,0,0,0,0,0,0,0,"미케닉 전직"
10100,0,0,0,0,0,0,0,"미케닉 전직"
10101,0,0,0,0,0,0,0,"미케닉 전직"
10102,0,0,0,0,0,0,0,"의뢰인에게 -스핑크스 던전편"
10103,0,0,0,0,0,0,0,"의뢰인에게 - 글래스트 헤임편"
10104,0,0,0,0,0,0,0,"의뢰인에게 - 유노편"
10105,0,0,0,0,0,0,0,"의뢰인에게 - 시계탑편"
10106,0,0,0,0,0,0,0,"의뢰인에게 - 로컬라이징편"
10107,0,0,0,0,0,0,0,"스핑크스 던전 - 레퀴엠"
10108,0,0,0,0,0,0,0,"스핑크스 던전 - 마르두크"
10109,0,0,0,0,0,0,0,"스핑크스 던전 - 파사나"
10110,0,0,0,0,0,0,0,"글래스트 헤임 - 다크 프레임"
10111,0,0,0,0,0,0,0,"글래스트 헤임 - 이블 드루이드"
10112,0,0,0,0,0,0,0,"글래스트 헤임 - 레이쓰"
10113,0,0,0,0,0,0,0,"글래스트 헤임 - 레이드릭 아쳐"
10114,0,0,0,0,0,0,0,"유노 - 그랜드 페코"
10115,0,0,0,0,0,0,0,"유노 - 슬리퍼"
10116,0,0,0,0,0,0,0,"유노 - 고우트"
10117,0,0,0,0,0,0,0,"유노 - 하피"
10118,0,0,0,0,0,0,0,"시계탑 - 클락"
10119,0,0,0,0,0,0,0,"시계탑 - 펑크"
10120,0,0,0,0,0,0,0,"시계탑 - 라이드워드"
10121,0,0,0,0,0,0,0,"로컬라이징 - 우자스"
10122,0,0,0,0,0,0,0,"로컬라이징 - 미야비 인형"
10123,0,0,0,0,0,0,0,"로컬라이징 - 식양"
11000,0,0,0,0,0,0,0,"오딘 신전 조사"
11001,0,0,0,0,0,0,0,"오딘 신전 조사"
11002,0,0,0,0,0,0,0,"오딘 신전 조사"
11003,0,0,0,0,0,0,0,"오딘 신전 조사"
11004,0,0,0,0,0,0,0,"오딘 신전 조사"
11005,0,0,0,0,0,0,0,"오딘 신전 조사"
11006,0,0,0,0,0,0,0,"오딘 신전 조사"
11007,0,0,0,0,0,0,0,"오딘 신전 조사"
11008,0,0,0,0,0,0,0,"오딘 신전 조사"
11009,0,0,0,0,0,0,0,"생체 연구자"
11010,0,0,0,0,0,0,0,"생체 연구자"
11011,0,0,0,0,0,0,0,"생체 연구자"
11012,0,0,0,0,0,0,0,"생체 연구자"
11013,0,0,0,0,0,0,0,"생체 연구자"
11014,0,0,0,0,0,0,0,"생체 연구자"
11015,0,0,0,0,0,0,0,"생체 연구자"
11016,0,0,0,0,0,0,0,"생체 연구자"
11017,0,0,0,0,0,0,0,"유페로스 탐험"
11018,0,0,0,0,0,0,0,"유페로스 탐험"
11019,0,0,0,0,0,0,0,"유페로스 탐험"
11020,0,0,0,0,0,0,0,"유페로스 탐험"
11021,0,0,0,0,0,0,0,"유페로스 탐험"
11022,0,0,0,0,0,0,0,"유페로스 탐험"
11023,0,0,0,0,0,0,0,"돌 줍는 노인"
11024,0,0,0,0,0,0,0,"돌 줍는 노인"
11025,0,0,0,0,0,0,0,"돌 줍는 노인"
11026,0,0,0,0,0,0,0,"돌 줍는 노인"
11027,0,0,0,0,0,0,0,"돌 줍는 노인"
11028,0,0,0,0,0,0,0,"돌 줍는 노인"
11029,0,0,0,0,0,0,0,"거북이 섬으로..."
11030,0,0,0,0,0,0,0,"거북이 섬으로..."
11031,0,0,0,0,0,0,0,"거북이 섬으로..."
11032,0,0,0,0,0,0,0,"거북이 섬으로..."
11033,0,0,0,0,0,0,0,"거북이 섬으로..."
11034,0,0,0,0,0,0,0,"거북이 섬으로..."
11035,0,0,0,0,0,0,0,"거북이 섬으로..."
11036,0,0,0,0,0,0,0,"거북이 섬으로..."
11037,0,0,0,0,0,0,0,"거북이 섬으로..."
11038,0,0,0,0,0,0,0,"니플헤임의 생환자"
11039,0,0,0,0,0,0,0,"니플헤임의 생환자"
11040,0,0,0,0,0,0,0,"니플헤임의 생환자"
11041,0,0,0,0,0,0,0,"니플헤임의 생환자"
11042,0,0,0,0,0,0,0,"니플헤임의 생환자"
11043,0,0,0,0,0,0,0,"니플헤임의 생환자"
11044,0,0,0,0,0,0,0,"한약방 - 약재 구하기"
11045,0,0,0,0,0,0,0,"한약방 - 약재 구하기"
11046,0,0,0,0,0,0,0,"한약방 - 약재 구하기"
11047,0,0,0,0,0,0,0,"한약방 - 약재 구하기"
11048,0,0,0,0,0,0,0,"한약방 - 약재 구하기"
11049,0,0,0,0,0,0,0,"한약방 - 약재 구하기"
11050,0,0,0,0,0,0,0,"한약방 - 약재 구하기"
11051,0,0,0,0,0,0,0,"한약방 - 약재 구하기"
11052,0,0,0,0,0,0,0,"한약방 - 약재 구하기"
11053,0,0,0,0,0,0,0,"한약방 - 약재 구하기"
11054,0,0,0,0,0,0,0,"한약방 - 약재 구하기"
11055,0,0,0,0,0,0,0,"한약방 - 약재 구하기"
11056,0,0,0,0,0,0,0,"한약방 - 약재 구하기"
11057,0,0,0,0,0,0,0,"한약방 - 약재 구하기"
11058,0,0,0,0,0,0,0,"겁쟁이 소년 미하일"
11059,0,0,0,0,0,0,0,"겁쟁이 소년 미하일"
11060,0,0,0,0,0,0,0,"겁쟁이 소년 미하일"
11061,0,0,0,0,0,0,0,"겁쟁이 소년 미하일"
11062,0,0,0,0,0,0,0,"겁쟁이 소년 미하일"
11063,0,0,0,0,0,0,0,"겁쟁이 소년 미하일"
11064,0,0,0,0,0,0,0,"겁쟁이 소년 미하일"
11065,0,0,0,0,0,0,0,"겁쟁이 소년 미하일"
11066,0,0,0,0,0,0,0,"겁쟁이 소년 미하일"
11067,0,0,0,0,0,0,0,"겁쟁이 소년 미하일"
11068,0,0,0,0,0,0,0,"겁쟁이 소년 미하일"
11069,0,0,0,0,0,0,0,"겁쟁이 소년 미하일"
11070,0,0,0,0,0,0,0,"독약왕"
11071,0,0,0,0,0,0,0,"독약왕"
11072,0,0,0,0,0,0,0,"독약왕"
11073,0,0,0,0,0,0,0,"독약왕"
11074,0,0,0,0,0,0,0,"독약왕"
11075,0,0,0,0,0,0,0,"독약왕"
11076,0,0,0,0,0,0,0,"독약왕"
11077,0,0,0,0,0,0,0,"독약왕"
11078,0,0,0,0,0,0,0,"독약왕"
11079,0,0,0,0,0,0,0,"독약왕"
11080,0,0,0,0,0,0,0,"독약왕"
11081,0,0,0,0,0,0,0,"독약왕"
11082,0,0,0,0,0,0,0,"독약왕"
11083,0,0,0,0,0,0,0,"독약왕"
11084,0,0,0,0,0,0,0,"새로운 환경에 적응하는 법"
11085,0,0,0,0,0,0,0,"새로운 환경에 적응하는 법"
11086,0,0,0,0,0,0,0,"새로운 환경에 적응하는 법"
11087,0,0,0,0,0,0,0,"막사 수리하기"
11088,0,0,0,0,0,0,0,"막사 수리하기"
11089,0,0,0,0,0,0,0,"막사 수리하기"
11090,0,0,0,0,0,0,0,"막사 수리하기"
11091,0,0,0,0,0,0,0,"배급품 전달"
11092,0,0,0,0,0,0,0,"배급품 전달"
11093,0,0,0,0,0,0,0,"배급품 전달"
11094,0,0,0,0,0,0,0,"배급품 전달"
11095,0,0,0,0,0,0,0,"배급품 전달"
11096,0,0,0,0,0,0,0,"배급품 전달"
11097,0,0,0,0,0,0,0,"배급품 전달"
11098,0,0,0,0,0,0,0,"배급품 전달"
11099,0,0,0,0,0,0,0,"친구에게..."
11100,0,0,0,0,0,0,0,"친구에게..."
11101,0,0,0,0,0,0,0,"바젯의 비밀노트"
11102,0,0,0,0,0,0,0,"바젯의 비밀노트"
11103,0,0,0,0,0,0,0,"바젯의 비밀노트"
11104,0,0,0,0,0,0,0,"휴식시간"
11105,0,0,0,0,0,0,0,"힐스리온의 뿔"
11106,0,0,0,0,0,0,0,"워록 전직"
11107,0,0,0,0,0,0,0,"워록 전직"
11108,0,0,0,0,0,0,0,"워록 전직"
11109,0,0,0,0,0,0,0,"워록 전직"
11110,0,0,0,0,0,0,0,"워록 전직"
11111,0,0,0,0,0,0,0,"워록 전직"
11112,0,0,0,0,0,0,0,"워록 전직"
11113,0,0,0,0,0,0,0,"레이더링이 다시 작동할 때까지"
11114,0,0,0,0,0,0,0,"의뢰 : 호넷 사냥"
11115,0,0,0,0,0,0,0,"의뢰 : 콘도르 사냥"
11116,0,0,0,0,0,0,0,"의뢰 : 메뚜기의 뒷다리"
11117,0,0,0,0,0,0,0,"의뢰 : 웜테일 사냥"
11118,0,0,0,0,0,0,0,"의뢰 : 스포아 사냥"
11119,0,0,0,0,0,0,0,"의뢰 : 해충 박멸"
11120,0,0,0,0,0,0,0,"의뢰 : 무카 사냥"
11121,0,0,0,0,0,0,0,"의뢰 : 퍼밀리어 사냥"
11122,0,0,0,0,0,0,0,"의뢰 : 깃털 수집"
11123,0,0,0,0,0,0,0,"의뢰 : 독버섯 포자 수집"
11124,0,0,0,0,0,0,0,"의뢰 : 호넷 사냥 - 완료"
11125,0,0,0,0,0,0,0,"의뢰 : 콘도르 사냥 - 완료"
11126,0,0,0,0,0,0,0,"의뢰 : 메뚜기의 뒷다리 - 완료"
11127,0,0,0,0,0,0,0,"의뢰 : 웜테일 사냥 - 완료"
11128,0,0,0,0,0,0,0,"의뢰 : 스포아 사냥 - 완료"
11129,0,0,0,0,0,0,0,"의뢰 : 해충 박멸 - 완료"
11130,0,0,0,0,0,0,0,"의뢰 : 무카 사냥 - 완료"
11131,0,0,0,0,0,0,0,"의뢰 : 퍼밀리어 사냥 - 완료"
11132,0,0,0,0,0,0,0,"의뢰 : 깃털 수집 - 완료"
11133,0,0,0,0,0,0,0,"의뢰 : 독버섯 포자 수집 - 완료"
11134,0,0,0,0,0,0,0,"피의 마왕 소탕 작전"
12000,0,0,0,0,0,0,0,"친구:불협화음"
12001,0,0,0,0,0,0,0,"친구:가깝지만 먼…"
12002,0,0,0,0,0,0,0,"친구:우정의메신저"
12003,0,0,0,0,0,0,0,"친구:제3의 친구"
12004,0,0,0,0,0,0,0,"친구:일기장"
12005,0,0,0,0,0,0,0,"친구:속마음"
12006,0,0,0,0,0,0,0,"친구:영원한 비밀"
12007,0,0,0,0,0,0,0,"무기공급-1"
12008,0,0,0,0,0,0,0,"무기공급-2"
12009,0,0,0,0,0,0,0,"무기공급-실패"
12010,0,0,0,0,0,0,0,"무기공급-3"
12011,0,0,0,0,0,0,0,"무기공급-4"
12012,0,0,0,0,0,0,0,"무기공급-5"
12013,0,0,0,0,0,0,0,"무기공급-6"
12014,0,0,0,0,0,0,0,"생체연구소 잠입"
12015,0,0,0,0,0,0,0,"대통령 - 1"
12016,0,0,0,0,0,0,0,"대통령 - 2"
12017,0,0,0,0,0,0,0,"대통령 - 3"
12018,0,0,0,0,0,0,0,"대통령 - 4"
12019,0,0,0,0,0,0,0,"대통령 - 5"
12020,0,0,0,0,0,0,0,"대통령 - 6"
12021,0,0,0,0,0,0,0,"대통령 - 7"
12022,0,0,0,0,0,0,0,"대통령 - 8"
12023,0,0,0,0,0,0,0,"대통령 - 9"
12024,0,0,0,0,0,0,0,"대통령 - 10"
12025,0,0,0,0,0,0,0,"대통령 - 11"
12026,0,0,0,0,0,0,0,"대통령 - 12"
12027,0,0,0,0,0,0,0,"대통령 - 13"
12028,0,0,0,0,0,0,0,"대통령 - 14"
12029,0,0,0,0,0,0,0,"약혼반지 - 1"
12030,0,0,0,0,0,0,0,"약혼반지 - 2"
12031,0,0,0,0,0,0,0,"약혼반지 - 3"
12032,0,0,0,0,0,0,0,"약혼반지 - 4"
12033,0,0,0,0,0,0,0,"약혼반지 - 5"
12034,0,0,0,0,0,0,0,"약혼반지 - 6"
12035,0,0,0,0,0,0,0,"스밍타이거"
12036,0,0,0,0,0,0,0,"스밍타이거"
12037,0,0,0,0,0,0,0,"스밍타이거"
12038,0,0,0,0,0,0,0,"스밍타이거"
12039,0,0,0,0,0,0,0,"스밍타이거"
12040,0,0,0,0,0,0,0,"우유짜기 1"
12041,0,0,0,0,0,0,0,"우유짜기 2"
12042,0,0,0,0,0,0,0,"우유짜기 3"
12043,0,0,0,0,0,0,0,"우유짜기 4"
12044,0,0,0,0,0,0,0,"우는꼬마 달래기 1"
12045,0,0,0,0,0,0,0,"우는꼬마 달래기 2"
12046,0,0,0,0,0,0,0,"우는꼬마 달래기 3"
12047,0,0,0,0,0,0,0,"우는꼬마 달래기 4"
12048,0,0,0,0,0,0,0,"우는꼬마 달래기 5"
12049,0,0,0,0,0,0,0,"로그 직업퀘스트 1"
12050,0,0,0,0,0,0,0,"로그 직업퀘스트 2"
12051,0,0,0,0,0,0,0,"로그 직업퀘스트 3"
12052,0,0,0,0,0,0,0,"로그 직업퀘스트 4"
12053,0,0,0,0,0,0,0,"로그 직업퀘스트 5"
12054,0,0,0,0,0,0,0,"로그 직업퀘스트 6"
12055,0,0,0,0,0,0,0,"어쌔신 직업퀘스트"
12056,0,0,0,0,0,0,0,"어쌔신 직업퀘스트"
12057,0,0,0,0,0,0,0,"연구소 출입카드"
12058,0,0,0,0,0,0,0,"102타워 출입제한"
12059,0,0,0,0,0,0,0,"오크의 기억 출입제한"
12060,0,0,0,0,0,0,0,"오늘의 낚시 종료"
12061,0,0,0,0,0,0,0,"한군데 집중"
12062,0,0,0,0,0,0,0,"오늘의 채광 종료"
12070,0,0,0,0,0,0,0,"제한된 출입시간"
12071,0,0,0,0,0,0,0,"제한된 출입시간"
12072,0,0,0,0,0,0,0,"타라프로그 사냥"
12073,0,0,0,0,0,0,0,"크루이저 처치"
12074,0,0,0,0,0,0,0,"쿠크레 사냥"
12075,0,0,0,0,0,0,0,"오크베이비 처치"
12076,0,0,0,0,0,0,0,"오크워리어 처치"
12077,0,0,0,0,0,0,0,"바돈 사냥"
12078,0,0,0,0,0,0,0,"메갈로돈 사냥"
12079,0,0,0,0,0,0,0,"마르스 사냥"
12080,0,0,0,0,0,0,0,"커너투스 사냥"
12081,0,0,0,0,0,0,0,"미스트 처치"
12082,0,0,0,0,0,0,0,"조개 사냥"
12083,0,0,0,0,0,0,0,"마린스피어 사냥"
12084,0,0,0,0,0,0,0,"휀 사냥"
12085,0,0,0,0,0,0,0,"오크스켈레톤 처치"
12086,0,0,0,0,0,0,0,"제노크 처치"
12087,0,0,0,0,0,0,0,"미이라 처치"
12088,0,0,0,0,0,0,0,"의뢰수행중"
